"doc_id","논문명","저자명","pub_year","KCI 등재 구분","주제분야","Topic1","Topic2","Topic3","Topic4","Topic5","Topic6","Topic7","Topic8","Topic9","Topic10"
"ART001258699","입국초기 새터민 청소년들의심리적 건강상태에 관한 탐색적 연구","양계민;황순택",2008,"등재","기타사회과학",0.969957058240968,0.00208884032215783,0.0103929755124857,0.00267792563349257,0.00193571475975906,0.00353412000092562,0.00131643280676788,0.000335670518617198,0.00761677227314489,0.000144489931681785
"ART001466300","청소년 자해의 이해 및 특성에 대한 고찰","이동훈;양미진;김수리",2010,"등재","상담심리/심리치료",0.00615826987881323,0.00133982644311912,0.0102362280145649,0.00502313861262859,0.00394429529336358,0.00121223680109934,0.00375520656740613,4.00066944164797e-05,0.967522058197567,0.000768733497022456
"ART001501510","청소년 자해 행동의 치료 및 예방과 기독교 상담학적 방안","강경미",2010,"등재","기독교신학",0.00392394325361495,0.00125754571919965,0.981034322687501,0.00238590327862374,0.00118634792180064,0.00102821531664115,0.00163647799246422,0.000269219083110557,0.00680662345123264,0.000471401295811141
"ART001673942","학교상담현장에서의 위기유형분류와 기독교 가정교육(사역)적 접근","박미라",2012,"등재","기독교교육",0.00405934237268796,0.00172970617496755,0.97823756749568,0.00338526251215305,0.00169499269797821,0.00155738740110818,0.00202083549630597,0.000557257491606259,0.00602816253283004,0.000729485824682438
"ART001752685","문제행동사례에 대한 유형별 단어 및 형태소 특성 분석: Homi.info에 기록된 사례를 중심으로","강정배;이효신",2013,"등재","특수교육",0.00599449241411967,0.00321619159725611,0.962820782803726,0.00533921989251733,0.0031365269264917,0.00254544434643057,0.00309053929775841,0.000931685791600556,0.0115720941778604,0.00135302275224007
"ART001972640","청소년 가출과 자살위험 - 정책적 함의","김준홍",2012,"미등재","정책학",0.0105862772831383,0.00614040491041697,0.0138733834333283,0.00915006472150183,0.000966633226154764,0.00572041199768725,0.289373946588139,0.661226869881136,0.00230033367613146,0.000661674282366368
"ART001993192","청소년 내담자의 반복적 자해행동의 의미탐색: ‘고통으로 고통을 견디기’","김수진;김봉환",2015,"등재","심리과학",0.00496768473819068,0.0032650246663579,0.00512714041345343,0.000372005587285079,0.973549788249734,0.000606520869933448,0.00233698335597867,0.000137592166852308,0.00771268990801367,0.00192457004420042
"ART002008030","입체매체를 활용한 집단미술치료프로그램이 학교 부적응 청소년의 스트레스 대처에 미치는 효과","김미희;김정일",2015,"등재","예술교육",0.00434058529425731,0.965018323753012,0.00487396395681641,0.00565218333280112,0.00497568843396289,0.00690180217065212,0.00269584587785602,0.00221004938414998,0.00285807234309908,0.000473485453392742
"ART002079322","청소년의 처벌민감성과 강화민감성이 불안, 우울, 자해행동에 미치는 영향: 스트레스와 통제가능성 귀인의 역할","이혜림;이영호",2015,"등재","기타사회과학",0.024254966732222,0.00933482889159681,0.0707100178283488,0.831287178829436,0.00149904866384721,0.0278408848133434,0.0161718702579488,0.00613589824269099,0.0111155081496102,0.0016497975909559
"ART002136866","청소년의 일상적 스트레스와 자해행동: 인지적 정서조절전략의 조절효과","성나경;강이영",2016,"등재","심리과학",0.00725372578720877,0.00653088804116235,0.0829360930688475,0.847040232351675,0.00135150230747005,0.0231304673693512,0.00984688348626266,0.00420474850938246,0.0156686933160356,0.00203676576260405
"ART002159723","자살 예방 홍보 메시지의 효과에 영향을 주는 요인에 대한 연구: 촉진/예방 초점 적용과 참여자들의 자기 감시 수준을 중심으로","유현재;김인기;임재성",2016,"등재","신문방송학",0.00426232370974504,0.00252516352120535,0.96926941819723,0.00593095475557321,0.00319346005777714,0.00335644895756755,0.00257333947110886,0.00192961331887118,0.0052566555785191,0.0017026224324022
"ART002167043","청소년 자해행동: 여중생의 자살적 자해와 비(非)자살적 자해","이동귀;함경애;배병훈",2016,"등재","심리과학",0.00301543859908692,0.00361080778200346,0.00520221199092735,0.0190542432273094,0.00407907311640862,0.00184049762193131,0.947071467130974,0.00480684183989933,0.0087266787598329,0.00259273993162706
"ART002265656","비자살적 자해의 위험요인과 보호요인 개관","김수진",2017,"등재","기타사회과학",0.00764241910544573,0.00200984887415163,0.0094384417844084,0.00625118794013233,0.0214102473598669,0.00263139585437884,0.00594087024405868,0.000294789347201594,0.940858385103435,0.00352241438692123
"ART002267864","자해행동 청소년을 위한 단기개입 프로그램 개발 및 효과","이동귀;함경애;정신영;함용미",2017,"등재","심리과학",0.0127873599500793,0.343700449022115,0.0104958956600624,0.0782078244265824,0.0299108830338789,0.150008983023821,0.0193146481720569,0.00547681906459045,0.345151392725151,0.00494574492166264
"ART002276589","학교 내 청소년문제행동의 유형과 교육적 지도방안에 관한 연구","신동업",2017,"등재후보","사회복지교육",0.00338121359329952,0.00136040709892986,0.00861240315364317,0.00530060148305417,0.00609140259476528,0.00147070136949928,0.00358947177356804,0.00017675523969048,0.968071252715246,0.0019457909783047
"ART002298984","청소년의 비자살적 자해행동에 관한 연구","안영신;송현주",2017,"등재","특수교육",0.0017154071753432,0.00210657679090265,0.00301745201144094,0.966872141665554,0.000230532698807295,0.015956108880882,0.00388022410214207,0.00141379332309692,0.00433427678990797,0.000473486561923564
"ART002302505","청소년의 자해 행동 예방을 위한 마음챙김 기반 정서 관리 훈련 효과","이우경",2017,"등재","학교보건",0.0105326623478616,0.565018857789843,0.011372671115885,0.0218523875046571,0.257012279096835,0.108268141381759,0.00661387543002685,0.00485881475490686,0.00998216967098629,0.00448814090724057
"ART002352218","계절형 우울과 자살 예방을 위한 비타민 D 제재 복용","배종면",2018,"등재","건강증진/보건교육",0.00491336191224697,0.00305067981659798,0.962507557388793,0.00593044668739374,0.00489919710315654,0.00361489390910619,0.00322774371564644,0.00350162257145575,0.00610592186259895,0.00224857503300405
"ART002352235","아동 및 청소년 자살 상담에 관한 사례 연구","조윤주",2018,"등재","교과교육학",0.00467319467923008,0.00264641427498392,0.964096958446609,0.00530011094352567,0.0056491733053636,0.00332237017699692,0.00286579176683627,0.00288701004720233,0.00588908998185186,0.00266988637740003
"ART002356215","한국 청소년 대상 성찰기능 일차선별 질문지 타당화","박민경;송현주",2018,"등재","특수교육",0.457505203560025,0.00761642838804895,0.00409307382302175,0.0182661471213387,0.0050495224540449,0.491024332819728,0.00126930063709141,0.00647758523856838,0.00762413595504408,0.00107427000308941
"ART002383228","변증법행동치료(DBT)의 근거와 한국 보급: 체계적 문헌 고찰","최현정",2018,"등재","심리과학",0.914175568824384,0.00395285239815306,0.00842006879007912,0.00628199823641751,0.0101871366084831,0.00708906115974696,0.00316605407788928,0.00294344790400833,0.0423601545589577,0.00142365744188114
"ART002472086","청소년의 충동성이 자해에 미치는 영향 : 사회적지지의 조절효과를 중심으로","김수진",2019,"등재","사회복지학",0.00230007027473145,0.0030440142538881,0.00339313623800531,0.94173889566094,0.000504869343939633,0.0353147902172486,0.00512483380581931,0.00312009109535908,0.00450179266982105,0.000957506440247798
"ART002480220","청소년의 비자살적 자해와 수치심경향성, 죄책감경청소년의 비자살적 자해와 수치심경향성, 죄책감경향성의 관계향성의 관계","김화정;송현주",2019,"등재후보","상담심리/심리치료",0.0102017818745835,0.481331357756401,0.0055375114751996,0.0672319086280175,0.00805905370325414,0.400030123357056,0.00477260836374063,0.0116112245462361,0.00877698159648634,0.00244744869902513
"ART002484849","일 대학병원에 방문한 우울한 청소년에서 비자살성 자해행동의 임상적 특성과 자살 시도 예측요인","김경미",2019,"등재","정신신체의학/자문조정정신의학",0.00168637674674373,0.00321607396830571,0.00196995004475712,0.00553831236636947,0.00414944449760834,0.000770821147736654,0.970870470741051,0.00524397495343679,0.00429377813808204,0.00226079739590882
"ART002485587","청소년 비자살적 자해 위기상담 경험에 관한 현상학 연구: 상담자 경험을 중심으로","권경인;김지영",2019,"등재","교육학",0.0040338664288492,0.00319890460145646,0.00312153698659078,0.000550008360152616,0.974438408812368,0.000937994735979494,0.00281301292496959,0.000376298496382437,0.00770820084895173,0.00282176780429945
"ART002499950","비자살적 자해와 극복과정 경험에 대한 질적 연구: 상담경험이 있는 청소년을 대상으로","서미;김지혜;이태영;김은하",2019,"등재","교육학",0.00459388336153721,0.00234034824385706,0.00525146244951509,0.00741127841695995,0.0169093514434261,0.00242719942278291,0.0294461406903039,0.000857589358440991,0.926607357288625,0.0041553893245525
"ART002530661","자살 의도가 없는 자해의 근거기반치료","허지원",2019,"등재","심리과학",0.00151450817376124,0.00133886662619957,0.00474871436179406,0.00332879824661794,0.00632385309675348,0.00268145687620053,0.00443764946529342,0.000717245831024858,0.00498631535599763,0.969922591966357
"ART002553617","여자 청소년들의 비자살적 자해에 대한 의미","손자영",2020,"등재","기타사회과학",0.00642448160593842,0.0104438231635634,0.0039973650429339,0.00127708887719524,0.95916187522887,0.0022346002516229,0.00397081160569391,0.00110336756677107,0.00814916484742388,0.00323742180998789
"ART002559122","청소년 자해에 관한 연구동향","임경문;김혜경;백운진;이윤주",2020,"등재","기타사회과학",0.00513501943763482,0.00239532687302382,0.00392717422357733,0.00907126414130876,0.0117117130841519,0.00358902466688611,0.00468227375933792,0.000520665969191862,0.956008286678419,0.00295925116646822
"ART002582312","학교차원 긍정적 행동지원 적용을 통한 위기학생 예방 및 지원 방안 모색","박계신",2020,"등재","특수교육",0.00362668950516639,0.00333318979013608,0.965661050646083,0.00585597103512409,0.00455732646867974,0.00351237923359431,0.00245322964312062,0.00453714291057579,0.00422772649250075,0.00223529427501922
"ART002587193","청소년의 학교폭력 피해경험, 우울, 자살생각과의 관계에서 부모 방임수준의 조절된 매개효과","심혜인;김동현;곽대경",2020,"등재","경찰행정",0.00343475012160472,0.00324555303450445,0.00364742878237645,0.00387810560685651,0.000678375912007196,0.00602012109249872,0.00715593648405289,0.971327207423886,0.000260242648682268,0.000352278893530253
"ART002589448","대학생의 자해 중단 경험에 대한 사례연구","김지윤;조영희;김성연;이동훈",2020,"등재","심리과학",0.00461344967464999,0.00473651626871945,0.00296003949968507,0.000777238538604667,0.970936228598786,0.00129929524753752,0.0030313717181518,0.000595834418923521,0.00761271253518644,0.00343731349975626
"ART002600863","청소년 자해 관련 국내 연구 동향","이문영;배용순",2020,"등재","사회복지학",0.00419471800176506,0.00311790410250703,0.00343172677726982,0.143026682691489,0.00380119421834242,0.0159670075656787,0.00587869770731831,0.000973132885193771,0.816681282449658,0.0029276536007771
"ART002601275","청소년 자살위험의 유형화와 심리사회적 특성연구","최진영;유비;김기현;최윤선;함혜욱",2020,"등재","사회복지학",0.00180435412559916,0.00313278004686281,0.00225866425918246,0.0102687630215227,0.00519353032371128,0.00136403395988415,0.959099610204382,0.00733063557441755,0.00560697172193573,0.00394065676250295
"ART002603091","중학생의 비자살적 자해에 영향을 미치는 요인 : 자해의 심각성을 중심으로","배수현;성희자",2020,"등재","사회복지학",0.00835882496787737,0.0109005883847938,0.00690155843299925,0.050142607782357,0.00204628151227232,0.327176418050169,0.0114868334454423,0.579257750330938,0.00174082131033491,0.00198831578281611
"ART002603662","특성화고등학교 남학생들의 비자살적 자해 실태 및 동기에 관한 연구","박문숙;서영석;안하얀",2020,"등재","상담심리/심리치료",0.00477296386834486,0.00453979175549927,0.0021975460632067,0.0180115326598027,0.00194286066393326,0.95924004216729,0.000734891748049972,0.00522789879487656,0.00236084838035124,0.000971623898645011
"ART002603796","청소년 비자살적 자해상담 경험에 대한 현상학 연구: 상담자의 어려움과 대처방안을 중심으로","권경인;김지영",2020,"등재","상담심리/심리치료",0.00488267265347076,0.0040370847424579,0.00425209864005515,0.00077205154983095,0.967700810419533,0.00127797000481684,0.00285641676081846,0.000575087962480518,0.0104771367318237,0.00316867053471267
"ART002603875","EBP 기반 자살⋅자해 청소년 상담클리닉 운영 모형 개발","서미;소수연;강유임;손지아;김지혜",2020,"등재","상담심리/심리치료",0.00290241528796199,0.966980870425733,0.00246719529050031,0.0045283270432987,0.00816615590049735,0.00562167147540763,0.00247528698446149,0.00367845974320852,0.00234100242600334,0.000838615422927278
"ART002603881","고위기(자살시도 및 자해)청소년 개인맞춤형 그뤠잇⁺ 프로그램의 효과","신수정;정은실;허미경;윤은주",2020,"등재","상담심리/심리치료",0.0123115337828314,0.178740367729695,0.00855746230168395,0.00898651224818443,0.56440696514836,0.00730087943055734,0.00941182483844763,0.0026193405949107,0.195950156328097,0.011714957597232
"ART002614288","자해 청소년의 정신분석적 미술치료 단일 임상사례 연구","하재희;안석",2020,"등재","목회상담학",0.896391796780726,0.0047154050094786,0.00512197411147114,0.00256505799900769,0.0695522018778694,0.00549480146096216,0.0025634535245606,0.00375858248787011,0.00779713967524611,0.00203958707280818
"ART002622594","비자살적 자해(Non-Suicidal Self-Injury: NSSI)에 대한 국내연구동향: 2000년부터 2019년까지","박경애;김지연;강남이;김숙진;윤희옥",2020,"등재","기타사회과학",0.00323405149665499,0.0013534350244117,0.002506941428843,0.00509000990373051,0.00751577868606137,0.00182296656945063,0.00360718869618266,0.000288585109717533,0.971961161144484,0.00261988194046369
"ART002632873","청소년 집단에서의 자해와 SNS 사용: 체계적 문헌고찰 연구","김소정;고그림",2020,"등재","임상심리",0.00525048083114017,0.00260083275413342,0.00425757527936812,0.0107875120612388,0.0100504695292887,0.0036219862785939,0.00760268911396644,0.000700254088598625,0.95211783014773,0.00301036991594123
"ART002648004","유년기 무효화 환경과 고통 감내력 부족이 청소년의 비자살적 자해에 미치는 영향: 자기표현의 매개된 조절효과","송지숙;구본용",2020,"등재","기타사회과학",0.00421431093537614,0.00597774502208534,0.00392835717149079,0.773425337378724,0.00120262923670826,0.191692132213179,0.00489677111237874,0.00686122609605614,0.00613501452493229,0.00166647630906892
"ART002648011","고등학생의 아동기 학대 경험과 비자살적 자해 간의 관계: 초기 부적응 도식의 매개효과를 중심으로","강민아;장재홍",2020,"등재","기타사회과학",0.00461784581724563,0.00446864022594541,0.00229701235295269,0.0227005303382075,0.00205761426445583,0.954226678766938,0.000864985708958587,0.00505828144757537,0.00259580545555419,0.00111260562216635
"ART002650400","청소년의 정서적 학대 경험이 비자살적 자해에 미치는 영향: 초기부적응도식과 정서조절곤란의 이중매개효과","이수정;김종남",2020,"등재","심리과학",0.00340821391677933,0.00376967333898655,0.00170607215863006,0.0302768317304567,0.00129912691676493,0.95169032309288,0.000693437402248456,0.00433344461368367,0.00194726151610765,0.000875615313463212
"ART002653298","부모양육행동과 남자 청소년들의 비자살적 자해행동: 자해동기의 순차매개효과","박문숙;안하얀;서영석",2020,"등재","교과교육학",0.00307213191527787,0.00314234489510148,0.00149664193985607,0.0162074402609218,0.00129778119392655,0.967902590983739,0.000517769073968678,0.00405576606022399,0.00156546045825193,0.000742073218732571
"ART002662805","자해 청소년에 대한 대중의 반응 및 태도:네이버와 다음 뉴스 댓글을 중심으로","김서영;손하림;이동귀",2020,"등재","심리과학",0.00426446951696911,0.00177982214805655,0.00308459419930814,0.00573461528920302,0.0127001971120722,0.00202297935787154,0.00523952754488881,0.000386768818063318,0.962394414449876,0.0023926115636915
"ART002663284","청소년의 자해 행동 관련 변인에 대한 메타분석","이현정;김장회",2020,"등재","교육상담",0.00403622630980336,0.00389466216920259,0.00575766881125523,0.836314196693766,0.00265528069594718,0.0166755371786841,0.0103258581771171,0.00230898163573124,0.114513300349243,0.00351828797925005
"ART002683921","비자살적 자해 청소년 상담의 개입방안에 대한 수퍼바이저의 인식연구","김영자;라수현;김나진;김영희",2021,"등재","정책학일반",0.010059568327376,0.0062482091410456,0.00928612371545694,0.00337721287861947,0.602155376352629,0.0033337807686982,0.00725616012238569,0.000900344779084844,0.27103553096643,0.0863476929482739
"ART002684353","부정적 정서에 대한 모의 비지지적 반응이 청소년의 비자살적 자해에 미치는 영향: 정서인식명확성, 정서표현양가성, 정서조절곤란을 중심으로","정인순;안귀여루",2021,"등재","기타사회과학",0.00423237045926697,0.00545566327709227,0.00220867870162997,0.0334971611443907,0.00229479552624342,0.940056033579062,0.00104619999673474,0.00735995151713964,0.00245654922195386,0.00139259657648614
"ART002696868","청소년의 스트레스 및 우울이 자해행동에 미치는 영향에서 자기통제력의 조절효과","이순희;허만세",2021,"등재","청소년복지",0.00339452349488939,0.00586023268724299,0.0046803656401262,0.80497389063969,0.000594686663529767,0.0249083258632533,0.0135931226774962,0.138471344226426,0.00246475475917464,0.00105875334817177
"ART002708407","청소년의 인지적 정서조절 전략 사용유형에 따른 일상적 스트레스 반응과 자해행동의 차이: 잠재프로파일분석을 중심으로","성나경;성현준;이지혜",2021,"등재","기타사회과학",0.00351275221228962,0.324962360982278,0.00503652673089049,0.466209320399247,0.00858507192750031,0.0141953549895055,0.149807702966274,0.0142995123716366,0.0093627502593723,0.00402864716100516
"ART002709571","랜덤 포레스트를 활용한 이혼 가정 청소년의 과도한 인터넷 및 스마트폰 이용 예측 요인 탐색","연은모;최효식",2021,"등재","교과교육학",0.00118381051909931,0.00217155234561713,0.00146804733034786,0.00733834606644546,0.0045375594811387,0.000896104158278366,0.968350163562087,0.00708601447584761,0.00422005920343001,0.00274834285770811
"ART002712384","가정폭력 피해경험, 또래괴롭힘 피해경험 및 정서강도가 청소년의 비자살적 자해에 미치는 영향: 감정표현불능증의 매개효과","박상미;김정민",2021,"등재","사회과학일반",0.00302456254394434,0.00400789173349153,0.00143022969423213,0.0175950836660298,0.00149158671091163,0.963562763009372,0.000595330698180695,0.00608028835567588,0.00139036102131973,0.000821902566842507
"ART002717531","청소년의 불안애착과 행동전염과의 관계: 자기수용과 또래동조성의 매개효과","이정화;최수미;유인화",2021,"등재","기타사회과학",0.00377064284719593,0.00418910276350351,0.00164009056823497,0.0126833570960203,0.00201433670293438,0.967965757801104,0.00050385315126739,0.00473302019859688,0.00150927417898948,0.000990564692152703
"ART002726860","사회현상 변화와 군대 윤리에 관한 연구","류영규",2021,"등재","기타사회과학",0.00573546637508261,0.00478549005740208,0.940175581605577,0.00520450507104457,0.0203220078545259,0.00367063682662193,0.00370832096983613,0.00538426890121573,0.00652880459963754,0.00448491773905649
"ART002731323","청소년기 자해 행동을 경험한 대학생의 내러티브 탐구","성경주;조영매",2021,"등재","경찰행정",0.00453565064131087,0.00500938189668237,0.00424118477445901,0.00111889375413947,0.956067067269397,0.00174980051928695,0.00522949478174135,0.00105109539482317,0.00824684711281098,0.012750583855349
"ART002734646","비자살적 자해 청소년 상담에서의 상담자 개입 경험에 관한 질적 연구","오윤서;장유진",2021,"등재","상담심리/심리치료",0.00991879598818048,0.0062480384366121,0.00417748653328924,0.00144112018501524,0.952638446286751,0.00261874688774039,0.00443688406251733,0.00139287927010456,0.010040373769305,0.00708722858048443
"ART002734656","청소년 불안․우울 경험과 회복 과정에 대한 질적 연구","소수연;주지선;조은희;손영민;백정원",2021,"등재","상담심리/심리치료",0.00531563601493993,0.00798664744206904,0.00518200316493726,0.00277231288667983,0.879302090860932,0.00436470389402328,0.00702033832877693,0.00152728066940509,0.0112774049661967,0.0752515817720398
"ART002738328","청소년기 자해 경험에 대한 합의적 질적 연구","이인숙;박재연",2021,"등재","기타사회과학",0.00434721014502546,0.00520626283318943,0.00279589243117872,0.000873986885551143,0.969669045313705,0.00156060324216258,0.00332562387434309,0.00082556970119665,0.0070905447659872,0.00430526080766097
"ART002738571","자해 청소년의 ETC 기반 미술치료 체험에 관한 내러티브 탐구","전진옥;전순영",2021,"등재","특수교육",0.00177317827236781,0.00213493259108567,0.00490420372492799,0.00384671694572297,0.0155894010250634,0.00360741099556178,0.00619093175493646,0.00138903719390971,0.00561368572231602,0.954950501774108
"ART002749299","지각된 사회적 지지가 청소년의 비자살적 자해에 미치는 영향: 정서조절 능력에 의해 조절된 외로움의 매개효과","윤경숙;하정희",2021,"등재","심리과학",0.00472925149362742,0.00646249029133434,0.00262829573313523,0.0489930860074999,0.00247477632792668,0.921093809525214,0.00130517855740087,0.00755965807051492,0.00316227888340065,0.00159117510994571
"ART002750549","비자살적 자해 청소년과의 상담에서 상담자 체험에 관한 내러티브 탐구","박소연;유미숙",2021,"등재","놀이치료",0.00378540704044463,0.00397265403583008,0.00341169780710042,0.000712621542547116,0.974278041081513,0.00137852910418213,0.00256453983022957,0.00075000600567657,0.00544888675718755,0.00369761679528981
"ART002758462","전문상담교사를 위한 정신건강 전문의 온라인 자문 내용 분석","우효주;손민;사공정규;최승우;이상규;이병철;윤형준;양종철;김태윤",2021,"등재","감성문화/사회",0.0128059624561914,0.0131371361238135,0.767439858184343,0.01393712750359,0.0126932712071816,0.00813004637792778,0.0281453468112819,0.134637924218737,0.00511840885172852,0.00395491826520605
"ART002762845","청소년 자녀의 비자살적 자해에 대한 어머니의 경험: 단일 사례연구","서한나;김수진",2021,"등재","학제간연구",0.00394983307054009,0.00513417500136781,0.00254113043139865,0.000799020852951346,0.973079154659872,0.00163121202495022,0.00270512407015128,0.000787060623025583,0.00606878397200166,0.00330450529374093
"ART002767580","부모 방임과 학대가 청소년의 비자살적 자해에 미치는 영향: 적응적 정서조절 전략의 매개효과","임수진;최희빈",2021,"등재","기타사회과학",0.006886654767013,0.00919827871975889,0.00348520115245751,0.0714394089605814,0.00346875173571005,0.883490288704918,0.00226839871005498,0.0134784522240278,0.00415664815920598,0.00212791686627144
"ART002771960","비자살적 자해청소년의 자해중단 경험연구","신수정;한재희",2021,"등재","교육학",0.00324760550361284,0.00288614162679165,0.00177356960147732,0.000462279608869689,0.980863573994481,0.000894982644149732,0.00195280389734019,0.000469072484128768,0.00499815533083162,0.00245181530831754
"ART002777736","청소년의 복합외상이 비자살적 자해에 미치는 영향: 부적응적 인지 정서조절 전략과 생리적 스트레스의 이중매개효과","이다슬;오성은;신성만",2021,"등재","기타사회과학",0.00191166901186491,0.00275113959851847,0.00222880947408052,0.958720999360995,0.000625178798922089,0.019777244395412,0.00503216966600903,0.00355895762175478,0.00419949146119694,0.0011943406112461
"ART002785184","자살 및 자해 상담 교육프로그램 요소에 대한 탐색적 연구: 상담자 요구를 중심으로","권경인;김지영",2021,"등재","교과교육학",0.0122055580921961,0.00919946522921473,0.00881112181480601,0.0162698966782071,0.230290594313139,0.00660538521385676,0.111855196429674,0.00331014610791223,0.445444346947177,0.156008289173817
"ART002785609","청소년의 비자살적 자해 잠재계층유형 분석: 영향요인과 유형별 정서⋅행동문제 차이","김형수;이주영",2021,"등재","기타사회과학",0.392232216596618,0.00818204847541577,0.00653655428694482,0.506179052801961,0.00671379914579574,0.0435282736808922,0.00856048250301822,0.0133435747382781,0.0118609536902226,0.00286304408085365
"ART002791927","청소년의 자해 경험에 대한 질적 사례 연구: 거기서 기다리는 나는 없다","장은혜",2021,"등재","교육학",0.005552198281492,0.0050846772521325,0.00673490607683304,0.00171139606770184,0.880208495920088,0.00327598191326807,0.00557742385107323,0.00132460547793861,0.00846480176745663,0.0820655133920166
"ART002801537","대학병원에서 관찰한 코로나19가 소아청소년 자해에 미치는 영향","오새봄;김승준;김지웅;오홍석;임우영;이나현",2021,"등재","정신신체의학/자문조정정신의학",0.947996878545295,0.00411443501199546,0.00430896586847909,0.00605375449170237,0.00901623153806242,0.00937975288060845,0.00282149050885558,0.00915564148927574,0.00593767668115213,0.00121517298457407
"ART002808086","중학생 자해행동의 보호 요인과 위험 요인: 일상적 스트레스, 자기통제, 사회적 지지를 중심으로","이영희;최윤정;유현숙",2022,"등재","교육학",0.00299670688752299,0.0107823644268597,0.00359896478166329,0.516777450904729,0.00402901439046519,0.0166168907507848,0.410194415819187,0.0189466654640003,0.0110779258394088,0.00497960073537865
"ART002815842","키워드 네트워크 분석을 통한 청소년 자해 연구 동향: 2010-2021년도 국내 학술지 게재 논문을 중심으로","이지영",2022,"등재","통계학",0.00258286507326871,0.00143177189145641,0.0021706007976621,0.00581284783408289,0.00683924896730043,0.00199283593003315,0.0041640481015355,0.000477690809652258,0.971905530755568,0.00262255983944127
"ART002824552","정신화기반치료의 치료체계와 근거: 체계적 문헌 고찰","이정하;김지원;하현주",2022,"등재","임상심리",0.972609605078703,0.00205784996551514,0.00202871974084075,0.00257068618535293,0.00622160878052082,0.00467083921283096,0.00114134101226257,0.00395023494017822,0.00401417631106566,0.000734938772729472
"ART002825746","부모의 심리적 통제가 여자청소년의 자해행동에 미치는 영향: 정서강도에 의해 조절된 내면화된 수치심의 매개효과를 중심으로","이연희;구훈정",2022,"등재","임상심리",0.00337992180791785,0.00605685675258899,0.0021738848012494,0.467366053230995,0.00131889088535637,0.502230097274294,0.00280935481536642,0.00941515014434264,0.00366620805779248,0.00158358223009662
"ART002831720","청소년의 부모 애착이 비자살적 자해에 미치는 영향: 자아존중감과 고통감내력의 매개효과","홍미애;박승민",2022,"등재","기타사회과학",0.00309947368468196,0.00396544757152641,0.00129858307135849,0.0185423980507496,0.00194720681486635,0.961145850130704,0.000632289425147212,0.00681639493876426,0.00149136544337469,0.00106099086882722
"ART002852050","자해 관련 자기개방 내용에 따른 공감 반응 차이: 온라인 고민상담 사이트를 중심으로","이동귀;오현주;김서영",2022,"등재","심리과학",0.341530726710524,0.00242789393552893,0.00413079226173731,0.00649630545123189,0.0117090332286265,0.00468283717826424,0.00540618566947031,0.00242835865484195,0.617743152983134,0.00344471392664107
"ART002852749","청소년의 자해행동에서 자살 의도 유무에 따른 집단간 심리특성 차이와 예측변수 탐색","진선주",2022,"등재","특수교육",0.00167236796254654,0.00364997723501079,0.00165526161922863,0.269534901918029,0.00282198444646597,0.00641717179054367,0.695857511416224,0.00801214734643273,0.00706985609659053,0.00330882016892829
"ART002858678","비자살성 자해(NSSI)에 대한 학교상담에서의 개입","류신혜;임우영;배승민;전진용",2022,"등재","정신신체의학/자문조정정신의학",0.00432912960731688,0.00434047523229962,0.894801673754192,0.00685684305599569,0.019770937309453,0.00424565340650255,0.00494534831874776,0.00492362546379347,0.0116948162427956,0.0440914976089032
"ART002866282","청소년의 자아분화가 비자살적 자해행동에 미치는 영향과 초기부적응도식의 매개효과","정유경;유계숙",2022,"등재","기타사회과학",0.00389278483250596,0.00407828299472294,0.00326536616403331,0.00513864453174906,0.00132838176858248,0.00984790387051624,0.00742348431818979,0.964017268555306,0.000337992996013987,0.000669889968380088
"ART002867625","보호관찰 청소년의 SNS중독경향성이 비자살적 자해에 미치는 영향: 부정긴급성의 매개효과를 중심으로","김은이;이지선;김정민",2022,"등재","기타사회과학",0.0019123044998945,0.00351916181247998,0.00215473773597267,0.944382895045275,0.000860211091047061,0.0312515309393676,0.00544631110146626,0.00473743888080011,0.00445342779376482,0.00128198109993191
"ART002885974","비자살적 자해의 기능에 따른 청소년 임상군의 심리적 특성","고나경;오수정",2022,"등재","기타사회과학",0.960170015969446,0.00326472930738155,0.0025206647235126,0.00469909745436049,0.0081585687515641,0.00790084070313898,0.00184406132279288,0.0055653879381653,0.00484339445875016,0.00103323937088795
"ART002889892","청소년 비자살적 자해(NSSI) 과정과 멈춤 경험에 관한 연구","서선미",2022,"등재","사회복지교육",0.0145726900446866,0.00830157188642565,0.00650792429177203,0.00724481535372155,0.593399021678072,0.00315378371896547,0.174380219438684,0.00677156410030921,0.172447982182669,0.0132204273046943
"ART002891759","정신건강사회복지 전문가의 비대면 정신건강 모바일 서비스 플랫폼 개발 및 상담 경험에 관한 자문화기술지","이솔지",2022,"등재","인터넷정보처리",0.175358013206543,0.00803801289378138,0.646918776885249,0.0203188560940145,0.0164685554319703,0.0101818331482714,0.00995789878227571,0.0948822153430092,0.0135286570049564,0.00434718120992879
"ART002904302","국친사상의 변화와 소년법 보호처분절차의 개선방향","제철웅",2022,"등재","법학",0.00238214097220462,0.00173896590467774,0.974885250686158,0.00403895411052982,0.00392701969177364,0.00259851016445623,0.00151044522021755,0.00389643049181425,0.00285380521035022,0.00216847754781807
"ART002906978","청소년의 비자살적 자해경험에 대한 질적 메타연구","백연우;유지영;전화연",2022,"등재","기타사회과학",0.00696834790414231,0.00631692065490409,0.00354869897786835,0.00567727283790456,0.561396881555616,0.00424691662863439,0.00691729983273038,0.000955590183571032,0.397459254146878,0.00651281727775114
"ART002908407","일반계 여고를 졸업한 청소년의 비자살적 자해경험에 대한 내러티브 탐구","임경문;이윤주",2022,"등재","기타사회과학",0.00389729279023811,0.00518141469099308,0.00258922568491397,0.00101237604332892,0.969436143935374,0.00186019872314569,0.00333696130165467,0.00111913942883006,0.0077973056231313,0.00376994177838956
"ART002911294","자살성 사건을 경험한 청소년의 Sandplay Therapy(SPT) 임상효과","안운경;곽현정",2022,"등재후보","상담심리/심리치료",0.00270869436920896,0.957608659565086,0.00182449683098233,0.00707069983941213,0.00874389425159567,0.00987996903267369,0.00306318523503692,0.00613002265483624,0.00186547876476899,0.00110489945639862
"ART002930194","청소년의 유년기 무효화 환경이 비자살적 자해에 미치는 영향 간에 고통 감내력 부족과 비자살적 자해 결과기대의 이중매개 효과","송지숙;구본용",2023,"등재","교과교육학",0.00154771063738203,0.00300930164510553,0.001922733263569,0.957969047010902,0.000891585568091272,0.0187577473142184,0.0051853018002864,0.00519693061095551,0.00411231973499873,0.00140732241449102
"ART002953873","자해와 자살행동 메타분석 연구 개관: 생물심리사회모델에 따른 위험 및 보호요인을 중심으로","김성연;양모현;박효은;김지윤;이동훈",2023,"등재","교육상담",0.0038057122132815,0.00205817091359481,0.00268455320198924,0.00923257726155232,0.0104399448088173,0.00364489921871804,0.00616061541588226,0.000997823643271993,0.954371975989368,0.00660372733352398
"ART002958143","청소년의 비자살적 자해에 관한 연구동향 -국내학술지 중심-","김정숙;홍상욱",2023,"등재","학제간연구",0.00415827519293361,0.00166343820919184,0.00190447496864829,0.00480024286960664,0.0198258089900436,0.00219120656136963,0.00337228179162562,0.000543656480800821,0.958144602144434,0.0033960127913467
"ART002958198","발달장애 아동·청소년의 도전적 행동이 음악치료사의 심리적 소진에 미치는 영향: 자기 효능감과 소명의식 조절효과를 중심으로","최안나;황은영",2023,"등재","음악심리학/치료학",0.00281245035116278,0.946989992612292,0.00179960509767756,0.0106069632802213,0.0090703976877514,0.0144331641586424,0.002757731611198,0.00826066973231941,0.00193253222451325,0.00133649324422177
"ART002962086","청소년 자해, 자살 사고, 자살 시도 경험에 대한 질적 연구","박경은;이동훈",2023,"등재","심리과학",0.00782764927605408,0.00602340807355085,0.00215098260878373,0.00120694918204296,0.963517088267649,0.00219818049545683,0.00364876174332683,0.00160709831478403,0.00731276192807878,0.00450712011027289
"ART002966200","고등학교 청소년들의 심리적 특성에 따른 비자살적 자해행동의 차이: 잠재 프로파일 분석을 중심으로","김명화;이창현",2023,"등재","심리과학",0.00191847363956031,0.00484439821668391,0.00201134677738786,0.95148859728113,0.00135440993510453,0.0173766103636856,0.00918139614494362,0.00491800489094764,0.00495942299110239,0.00194733975945377
"ART002971116","청소년용 비자살적 자해 신념 척도의 개발 및 타당화","정미림;이영순",2023,"등재","심리과학",0.00531822933563493,0.00314628177904797,0.00256627639292361,0.0909020522380602,0.00822923222427611,0.0118125141732731,0.00583801233100393,0.00147581205703916,0.865443590808011,0.00526799866072992
"ART002980246","키워드 네트워크 분석을 통해 살펴본 청소년 자해에 대한사회적 인식 연구","장벼리",2023,"등재후보","청소년학",0.0048051547450686,0.00197080409905428,0.00250138906474319,0.00722369980252618,0.0148253490014792,0.00315288822042086,0.00551581583206247,0.000904772865951126,0.954703449191869,0.00439667717682447
"ART002988636","청소년이 지각하는 부모의 심리적 통제, 정서조절곤란, 비자살적 자해간의 관계에서 마음챙김의 조절된 매개효과","황수정;정현희",2023,"등재","기타사회과학",0.00512311723480056,0.00857005343798931,0.00345985418510464,0.272333492197609,0.00311777676427931,0.621350378621745,0.00513127831848208,0.0752036066432941,0.00314415725008969,0.002566285346606
"ART002988871","토픽모델링을 활용한 ‘자해’관련 유튜브 댓글의 내용분석","권경인;신성미",2023,"등재","교과교육학",0.00117507172901044,0.00204982483266825,0.00101424113099369,0.00498700217443136,0.0107575386924426,0.000705259585967156,0.964520084470502,0.00626000620329354,0.00500033550466895,0.00353063567602231
"ART002990255","청소년 자살의 보호요인에 관한 델파이 연구: 생물심리사회적 접근을 바탕으로","양모현;박효은;이주영;이동훈",2023,"등재","심리과학",0.000890504896993049,0.00119016017725032,0.00255065226375379,0.00281503737197333,0.00804032328233155,0.00254216938133638,0.0038723978109523,0.00125397110171719,0.00340684483349437,0.973437938880198
"ART002990604","학교모래놀이 집단상담이 자해경험이 있는 초등학생의 자아개념, 자해 기능, 자살사고에 미치는 효과 예비연구","전문주;이호경;안운경",2023,"등재후보","상담심리/심리치료",0.00359803976533325,0.00703902986633402,0.00120028564812561,0.0148706850676912,0.00297809649909058,0.959273977686933,0.000633442237390082,0.00759933173327451,0.00150835143924091,0.00129876005658625
"ART002996105","청소년 비자살적 자해 관련 질적연구 동향","정수연;이지연",2023,"등재","교과교육학",0.0065771740852861,0.0031581131004651,0.00302874297589126,0.00281658948193035,0.44156098578967,0.00200669548448048,0.00495328057661291,0.000644143229314676,0.528507482350247,0.0067467929261027
"ART003005329","비자살적 자해를 겪는 우울증 청소년의 미술치료 사례연구","강지연;김태은",2023,"등재","심리과학",0.167675348661318,0.221639759602112,0.00693649819322287,0.00670563765486831,0.478063341702827,0.0133478426291791,0.00974283978818463,0.0835095191777272,0.00669593528694785,0.00568327730361295
"ART003008354","청소년의 또래관계스트레스와 비자살적자해의 관계: 적응적 인지적 정서조절에 의해 조절된 자기비난의 매개효과","박영순",2023,"등재","청소년복지",0.00402463500476834,0.00634050612901093,0.0022890933753958,0.238938501985899,0.00184927241225748,0.712399718930126,0.0036186523712,0.0254043000268723,0.00307637964794356,0.00205894011652667
"ART003016182","위기청소년 지원기관 이용자의 자살 생각에 영향을 미치는 요인","윤소현",2023,"등재","기타사회과학",0.00455723075388887,0.0085833490616445,0.00625145036245765,0.0121316013878106,0.00769621910965993,0.00705196482228284,0.297671042121081,0.649406930026306,0.00221399123537938,0.00443622111948971
"ART003030799","정서 반응성이 청소년의 비자살적 자해동기에 미치는 영향: 부정 긴급성과 정서조절곤란의 이중매개효과","이현주;이영순",2023,"등재","심리과학",0.00183642070764591,0.00355364375786889,0.0018737291689052,0.944939881902003,0.00101082258776432,0.0300350772394232,0.00529114761169629,0.0055368199187241,0.00434837353235934,0.00157408357360996
"ART003031100","내면화된 수치심, 고통감내력이 비자살적 자해에 미치는 영향: 회피-분산 정서조절양식의 조절된 매개효과","최미량;이자영",2023,"등재","교육상담",0.0016304920290828,0.00351980516680529,0.00179939267239088,0.944894601047264,0.000807179950883011,0.0313171562294825,0.00470393022293269,0.00683356928507996,0.00322534694923779,0.00126852644684061
"ART003042435","심리 외상을 경험한 중도입국청소년의 위기 개입적 표현예술치료 사례연구","서현주",2023,"등재","특수교육",0.00378230039200812,0.00437809978641244,0.00149147524637137,0.000571603888479761,0.97878943474876,0.00122648345706789,0.00212675458352707,0.000961508674185321,0.00365449680437978,0.00301784241880833
"ART003043870","아동기 애착 외상이 여자 청소년의 자해 경험에 미치는영향: 정신화 매개효과를 중심으로","최상순;권해수",2023,"등재","상담심리/심리치료",0.365945437845697,0.00769820820842957,0.00308977071840292,0.0222034044767432,0.00771569669524326,0.56536700336581,0.00139451445933414,0.0201754008664313,0.0043679584839934,0.00204260487991544
"ART003053389","청소년 비자살적 자해 치료 프로그램 개관","장선희;신효정",2024,"등재","심리과학",0.00425857343816326,0.00223849884239236,0.00171709882874479,0.00818387734089396,0.0107334627535158,0.00383820159553195,0.00353325732396184,0.000970962496948353,0.961132055458343,0.00339401192150515
"ART003066548","청소년 정신건강 문제 유형화 연구: SDQ-Kr의 활용","김신아;강주연",2024,"등재","학제간연구",0.00145426502006196,0.973943156345074,0.000904376666969845,0.00354152031260708,0.00674714027690838,0.00479229519322925,0.00168066993111129,0.00516773667084766,0.000978017465563741,0.000790822117626387
"ART003070710","비자살적 자해행동 청소년의 푸드아트테라피 사례","양정하;이미나",2024,"등재후보","청소년학",0.0112114728253913,0.496430088379033,0.00830953063265497,0.0155062858583845,0.217058864667497,0.0303786653888677,0.018690303034833,0.189647689157522,0.00553376058746983,0.00723333946834608
"ART003072783","비자살적 자해 여자 청소년 대상 상담경험에 관한 합의적 질적 연구: 학교 상담자의 경험을 중심으로","윤예진;박재연",2024,"등재","기타사회과학",0.0948830309771813,0.0064867818378899,0.00286745107915237,0.00196738923592757,0.868845631561712,0.00477982778307374,0.00329137201735275,0.00390272174736525,0.00796211518222394,0.00501367857812146
"ART003074608","비자살적 자해 청소년 자녀를 둔 어머니의 경험에 관한 현상학적 연구","양은륜;정문경",2024,"등재","교육상담",0.00302810603549393,0.00468078873358032,0.00140076759229906,0.000967687505144049,0.973784485645352,0.00191154972247147,0.00369173168090665,0.00157873689471094,0.00457160188647916,0.00438454430356187
"ART003081877","코로나19 상황 속 청소년의 지각된 스트레스와 비자살적 자해의 관계에서 가족관계와 자아존중감의 다중가산조절효과","김동현;서동현",2024,"등재","기타사회과학",0.00367102644304174,0.0052400842448664,0.00276198641328092,0.00868676086744886,0.00190080949057303,0.0193029061477878,0.0065308413300847,0.95055909986802,0.000376361069795962,0.000970124125100364
"ART003084205","청소년의 비자살적 자해가 자살적 자해로 이행 및 중단된 경험에 대한 연구","박경은;이동훈",2024,"등재","심리과학",0.00286265887189221,0.00433574644929192,0.00140477424459546,0.000805683764910288,0.976223884607617,0.00163444976125611,0.00252455084382438,0.0011256138029134,0.00543136060818422,0.00365127704551518
"ART003084215","다변량 분석방법을 이용한 청소년의 비자살적 자해사고 및 자해행동 예측","정미림;이상인;이영순;김종완",2024,"등재","심리과학",0.00287430061343133,0.922026975850642,0.00183248926363734,0.0238773537565523,0.00976055912866075,0.0176032459626248,0.0047778571753062,0.0131553689797148,0.00234568804316254,0.00174616122626753
"ART003086585","비자살적 자해 청소년의 개인 미술치료 질적 사례연구","이승정;신형미;천세나;정여주",2024,"등재","심리과학",0.0424805584295483,0.22200052794936,0.0028049411480414,0.00292310678448762,0.70207531182221,0.00639825802349943,0.00444912169547045,0.00631059620207513,0.00635028143467683,0.00420729651063028
"ART003091062","남자 청소년의 자해 경험에 관한 현상학적 연구","김동례;장수미",2024,"등재","사회복지학",0.0038175667050716,0.00601699568813069,0.00201956713725561,0.00103150304566796,0.971479278283958,0.00214488229883091,0.00266319733983188,0.00177855344718162,0.00506861003189828,0.00397984602217368
"ART003094035","학교 밖 청소년의 비자살적 자해와 자살생각에 따른 잠재계층 분류 및 영향요인","김동현;신나은",2024,"등재","청소년복지",0.00558862957582308,0.421064396257779,0.00363401202862081,0.0105364119545055,0.00935778851166164,0.0126878951470178,0.0251325188468648,0.508696790052025,0.0012471380924702,0.00205441953323211
"ART003102852","후기청소년이 지각한 정서 무효화와 자해 간의 관계: 스트레스의 매개효과를 중심으로","유안나;신성만",2024,"등재","기타사회과학",0.00237795351233656,0.00525815367770057,0.00207028767750081,0.922983616672505,0.00162902203962288,0.0427403936478369,0.00633674916108144,0.00976406423703782,0.00450766059839052,0.00233209877598728
"ART003108400","임상군 청소년의 반복적인 자해 경험에 대한 연구","이윤주;이계성",2024,"등재","학제간연구",0.23350261752506,0.0601215732368165,0.00431884647478408,0.00411043176341387,0.656256056355288,0.00813247706325072,0.00584486677832058,0.00878937434770271,0.0132703992570142,0.00565335719834905
"ART003109119","청소년의 스트레스가 자해행동에 미치는 영향: 사회적 지지에 의한 불안의 조절된 매개효과","박영숙;유주영",2024,"등재","학제간연구",0.00283480561162655,0.00380020572463974,0.0022349400636104,0.00540487281832579,0.00143611583939643,0.0091811853847826,0.00595047016723857,0.968200644597525,0.000255147762160791,0.000701612030694706
"ART003109234","청소년 자해 보호요인 연구: 생물심리사회적 관점에서 자해 및 자살행동 경험이 있는 청소년 인식을 중심으로","양모현;박효은;이동훈;이화정",2024,"등재","학교/교육심리",0.000912291001392472,0.0013470744355708,0.00239801272362613,0.0033689565881733,0.00829415815757669,0.003058168788005,0.004112088011771,0.00170441016079193,0.00346865801483247,0.97133618211826
"ART003114199","청소년의 정서적 학대 경험과 비자살적 자해의 관계: 자기체계손상과 정서조절곤란의 매개효과","김명진;하정희",2024,"등재","교육학",0.00309484493378975,0.00462627044130619,0.00112669043868009,0.0363926592739054,0.00222402566740329,0.932209004116839,0.0010562558187364,0.0163767392720438,0.00141623735888086,0.00147727267841477
"ART003116301","청소년이 지각한 스트레스와 학교적응의 관계에서 자아존중감 불안의 매개효과 : 자해 비자해 집단 비교","김영화;최진아",2024,"등재","상담심리/심리치료",0.00574139740681795,0.0108450862800651,0.00328303189636564,0.0350726072448201,0.00246000428235421,0.471136002318536,0.00504241489522077,0.463646007244371,0.000942251683196579,0.00183119674825292
"ART003118190","사이버폭력 실태 및 피해자 보호 강화 방안 - 사이버 불링(Cyber-bullying)을 중심으로 -","신혜진",2024,"등재","형사정책",0.00145851013544657,0.00136465952665552,0.98070418393991,0.00248732327190727,0.00368856179351919,0.00173786999704568,0.00100838575915428,0.0037592657704045,0.00171480396948598,0.0020764358364711
"ART003120037","청소년 자살 위험요인: 생물심리사회모델에 기반한 델파이 연구","김성연;이보라;이주영;이동훈",2024,"등재","심리과학",0.00149478588875355,0.00282236980549204,0.00276716719333513,0.0168204409634189,0.0112666324838298,0.00273156650259745,0.646596797507201,0.00825409291591467,0.00899885156234033,0.298247295177118
"ART003120111","자살 청소년 지인들의 경험을 통해 살펴본 청소년 자살 위험요인에 관한 질적 연구","이상하;경서하;이동훈",2024,"등재","심리과학",0.00393288653439457,0.00541562728529322,0.00283850700759048,0.0094885912409983,0.164431940447266,0.00227460391725543,0.767748701456465,0.0119880258901882,0.011899099548379,0.0199820166721693
"ART003121927","청소년의 부적응적 완벽주의와 비자살적 자해의 관계에서 자기자비와 자기비판의 매개효과","이정훈;장은비",2024,"등재","기타사회과학",0.00648272077438132,0.014770906143718,0.00644420190398306,0.455110965742251,0.00810885815811772,0.364809197002372,0.00986565696267731,0.0455139130452671,0.00829124922452217,0.0806023310427098
"ART003134476","자해의 원인과 해석에 관한 연구 : 청소년 자해동기요인을 중심으로","한정석;이세온",2024,"등재","학제간연구",0.00883336308933635,0.0102981532312483,0.44297417192102,0.109719703590807,0.00726556850837427,0.0301441328016749,0.034609449792747,0.344624652564416,0.00538604216422307,0.00614476233615213
"ART003135534","복합외상이 비자살적 자해에 미치는 영향: 정서조절곤란의 매개효과와 매개변인의 하위요인 탐색","이정민",2024,"등재","상담심리/심리치료",0.00381945919156771,0.00832096386032037,0.00211762153172654,0.840755443154251,0.00195843375894738,0.119600139105052,0.00522219481099832,0.0119354109033094,0.00421289357069692,0.00205744011313054
"ART003137901","학생의 마음건강 향상을 위한 학교 기반 통합지원체계 개관: 심리학자의 역할과 방향 제안","어유경;도례미;강지현",2024,NA,"심리과학",0.00253931813856185,0.00228748576298332,0.963755996851334,0.00312646489474856,0.0110892130259349,0.00234440806534978,0.00193575589458122,0.00469601679115968,0.00310448495194265,0.00512085562340405
"ART003140151","생물심리사회이론에 기반한 자해의 위험요인 연구: 청소년 관점을 중심으로","양모현;이보라;이동훈;이화정",2024,"등재","심리과학",0.000917833419188705,0.0013045787288545,0.00227268544054636,0.00360720624401297,0.00806051572425454,0.00322256962119771,0.00454077659585815,0.00179842665356977,0.00340985353652626,0.970865554035991
"ART003140158","코로나-19 이전, 도중 및 이후 청소년과 초기성인의 자해 행동 추이: 텍스트마이닝 접근","김서영;정의정;엄태윤;이동귀",2024,"등재","심리과학",0.972832410462199,0.00174163421242733,0.00133372868599064,0.00233278400955328,0.0077422954119961,0.00424016369570429,0.00102534488009307,0.0043956268336131,0.00354429584938471,0.000811715959038368
"ART003140159","미디어와 주변인을 통해 접한 자해 경험이 청소년 자해 및 자살행동에 미치는 영향","이보라;김성연;이동훈",2024,"등재","심리과학",0.00190382145596826,0.00454630734891655,0.00160008116900474,0.0224527648416986,0.0101419185301018,0.00296848816095087,0.925757562497873,0.0184547981618855,0.00663250059653472,0.00554175723706595
"ART003141960","청소년의 성별에 따른 부모양육태도 하위요인과 자해 간의 관계에 관한 연구","정규형;김이슬;이미영;우현재",2024,"등재","사회과학일반",0.21805318391788,0.0155976397006155,0.00809683206557812,0.0349942174764914,0.087604199594287,0.0326362484256533,0.245008290795924,0.30781256596099,0.0263454802434772,0.0238513418191031
"ART003148672","청소년의 비행경험이 자해행동에 미치는 영향: 우울에 의한 부정적 자아인식의 조절된 매개효과","박영숙;유주영",2024,"등재","학제간연구",0.00250241236384659,0.00362062636458007,0.00210879195930861,0.00468659336085068,0.0013290177984069,0.00870417255627371,0.00552419162917112,0.970658476513856,0.000222950832594124,0.000642766621112209
"ART003153128","청소년의 일상생활 스트레스가 비자살적 자해에 미치는 영향에서 한부모가정 여부에 따른 불안의 조절된 매개효과","이래혁",2024,"등재","스트레스생리학",0.36741495640789,0.014485462130324,0.00644773090201956,0.0436677850191311,0.0125627666490344,0.308251260744407,0.00680393998689633,0.231595044663885,0.00530961833549698,0.00346143516091594
