"doc_id","논문명","저자명","pub_year","KCI 등재 구분","주제분야","Topic1","Topic2","Topic3","Topic4","Topic5","Topic6","Topic7","Topic8","Topic9","Topic10"
"ART001258699","입국초기 새터민 청소년들의심리적 건강상태에 관한 탐색적 연구","양계민;황순택",2008,"등재","기타사회과학",0.29756339376995,0.118999324655659,0.0104127822525903,0.519224143215297,0.00503762332102328,0.0116216679936547,0.0191381048463508,0.00944612594027796,0.00399161057506304,0.00456522343013382
"ART001466300","청소년 자해의 이해 및 특성에 대한 고찰","이동훈;양미진;김수리",2010,"등재","상담심리/심리치료",0.00143206025191661,0.00624474309190771,0.00356043415473099,0.00175189524974631,0.00690124766810593,0.0153485554169314,0.00619344591969276,0.00159028055922596,0.951145740799741,0.00583159688800067
"ART001501510","청소년 자해 행동의 치료 및 예방과 기독교 상담학적 방안","강경미",2010,"등재","기독교신학",0.00285900617163946,0.963881020940779,0.00235141981746617,0.0030696663491067,0.00303989649615345,0.00573492931851689,0.00134748850974676,0.00317203636673671,0.0120648481079336,0.00247968792192142
"ART001673942","학교상담현장에서의 위기유형분류와 기독교 가정교육(사역)적 접근","박미라",2012,"등재","기독교교육",0.00291006091913273,0.966526525727439,0.00276563624893734,0.00436806731573532,0.00309721690062527,0.00578572928419832,0.0016889396004956,0.003935294957084,0.00637770748152691,0.00254482156482491
"ART001752685","문제행동사례에 대한 유형별 단어 및 형태소 특성 분석: Homi.info에 기록된 사례를 중심으로","강정배;이효신",2013,"등재","특수교육",0.00423145766554488,0.948484464365313,0.00487749016769244,0.00633177814701614,0.0051061079057813,0.00815246761175453,0.00270031338434951,0.00579610053616987,0.0106192865655619,0.00370053365081673
"ART001972640","청소년 가출과 자살위험 - 정책적 함의","김준홍",2012,"미등재","정책학",0.00293836058123683,0.0022668300419243,0.966168473764524,0.00235927583238446,0.00524958877084913,0.00618838183600552,0.00695334589749105,0.00442540076785744,0.0022328318977151,0.00121751061001251
"ART001993192","청소년 내담자의 반복적 자해행동의 의미탐색: ‘고통으로 고통을 견디기’","김수진;김봉환",2015,"등재","심리과학",0.002992984429545,0.00240047895819476,0.00321236848067193,0.00121835341041468,0.00387359812753513,0.979566089696138,0.000999131491760764,0.000670827823174729,0.00427435046203941,0.000791817120525355
"ART002008030","입체매체를 활용한 집단미술치료프로그램이 학교 부적응 청소년의 스트레스 대처에 미치는 효과","김미희;김정일",2015,"등재","예술교육",0.0027053605199564,0.00184366609138041,0.964742587275226,0.00331811498101157,0.00378777508943836,0.00682262787279993,0.00944973573975351,0.00397537674028475,0.00201997849993504,0.00133477719021353
"ART002079322","청소년의 처벌민감성과 강화민감성이 불안, 우울, 자해행동에 미치는 영향: 스트레스와 통제가능성 귀인의 역할","이혜림;이영호",2015,"등재","기타사회과학",0.00953792176892726,0.00553592043361075,0.21975858731675,0.0183064986807409,0.00950866188133781,0.00581170681452586,0.487202304357084,0.229935734901985,0.0049921129267381,0.00941055091829938
"ART002136866","청소년의 일상적 스트레스와 자해행동: 인지적 정서조절전략의 조절효과","성나경;강이영",2016,"등재","심리과학",0.00849304772193661,0.0352489669483069,0.0120953248741505,0.372472230137355,0.0160320942237507,0.0124683999505338,0.277211430425419,0.0856069359106632,0.168710254824065,0.0116613149838188
"ART002159723","자살 예방 홍보 메시지의 효과에 영향을 주는 요인에 대한 연구: 촉진/예방 초점 적용과 참여자들의 자기 감시 수준을 중심으로","유현재;김인기;임재성",2016,"등재","신문방송학",0.00338501723903072,0.965912833967048,0.00285173490668131,0.00527051899364646,0.00318611706893669,0.00539128556600129,0.00206012777211839,0.00487261241615966,0.00480558344638537,0.00226416862399251
"ART002167043","청소년 자해행동: 여중생의 자살적 자해와 비(非)자살적 자해","이동귀;함경애;배병훈",2016,"등재","심리과학",0.00203498017950765,0.00266191603810387,0.00548844034232038,0.00288213534128313,0.95392032959123,0.00910698770191839,0.0106481934443805,0.00222822246582633,0.00529244797379221,0.00573634692163784
"ART002265656","비자살적 자해의 위험요인과 보호요인 개관","김수진",2017,"등재","기타사회과학",0.00103266770125724,0.00557539926890461,0.00194731538058362,0.00125447153138713,0.00443236328942406,0.0108683399758021,0.0040144784857059,0.00111053626053225,0.965465422157719,0.00429900594868434
"ART002267864","자해행동 청소년을 위한 단기개입 프로그램 개발 및 효과","이동귀;함경애;정신영;함용미",2017,"등재","심리과학",0.00758404424764198,0.0077607049632597,0.223396074911829,0.102291272790373,0.469531573602513,0.055181158252156,0.0860080661774691,0.00840454891445391,0.021993719807501,0.017848836332804
"ART002276589","학교 내 청소년문제행동의 유형과 교육적 지도방안에 관한 연구","신동업",2017,"등재후보","사회복지교육",0.000769252804364252,0.00714941189211969,0.00175134074068653,0.00094166987283899,0.00329250214184114,0.0073499481957568,0.00254712896453451,0.000906200693546992,0.972392013929771,0.00290053076454018
"ART002298984","청소년의 비자살적 자해행동에 관한 연구","안영신;송현주",2017,"등재","특수교육",0.000837579610566964,0.00237560812695898,0.00121961478546981,0.00236688570392436,0.00275448486784008,0.00175619357444073,0.0132974646562014,0.000811523014851573,0.0042405494346514,0.970340096225095
"ART002302505","청소년의 자해 행동 예방을 위한 마음챙김 기반 정서 관리 훈련 효과","이우경",2017,"등재","학교보건",0.00260440944396771,0.00442483072646616,0.00321860378125638,0.964404607409751,0.00238442364231276,0.00489164121775312,0.0129956356999743,0.00176565859175445,0.00133048613032759,0.00197970335643571
"ART002352218","계절형 우울과 자살 예방을 위한 비타민 D 제재 복용","배종면",2018,"등재","건강증진/보건교육",0.00358514684666211,0.960000575755938,0.00322306972670513,0.0048300609465742,0.00377062036683553,0.00667946729074458,0.00218381635719953,0.00469257829304254,0.00777121217968548,0.00326345223661367
"ART002352235","아동 및 청소년 자살 상담에 관한 사례 연구","조윤주",2018,"등재","교과교육학",0.00352011328207933,0.962758661364019,0.00292623997306557,0.00418419828905304,0.00362563634889732,0.00738347277114915,0.00185613708745624,0.00388401446164134,0.00697019501108138,0.00289133141155742
"ART002356215","한국 청소년 대상 성찰기능 일차선별 질문지 타당화","박민경;송현주",2018,"등재","특수교육",0.000998579467757913,0.00267578094068381,0.00139030664173437,0.00273337666421753,0.00309778039189332,0.00202528029604328,0.0131323124882505,0.000868100072667344,0.00450017891971181,0.96857830411704
"ART002383228","변증법행동치료(DBT)의 근거와 한국 보급: 체계적 문헌 고찰","최현정",2018,"등재","심리과학",0.958871281392101,0.00473581610691739,0.00519829260090097,0.00447370072603832,0.00288208722329354,0.0100673104137503,0.00562237222059135,0.00455837567245769,0.00192378114051527,0.00166698250343441
"ART002472086","청소년의 충동성이 자해에 미치는 영향 : 사회적지지의 조절효과를 중심으로","김수진",2019,"등재","사회복지학",0.00133879492908218,0.000439520616039382,0.00352263756641603,0.00948824193842615,0.00318427556481537,0.00104996660596403,0.962746869343364,0.00639428935032421,0.00217348770648785,0.0096619163790812
"ART002480220","청소년의 비자살적 자해와 수치심경향성, 죄책감경청소년의 비자살적 자해와 수치심경향성, 죄책감경향성의 관계향성의 관계","김화정;송현주",2019,"등재후보","상담심리/심리치료",0.00143522828048079,0.00373028782154884,0.00211444741735459,0.00330681795655149,0.00482231264069406,0.00283451584944062,0.0184647034845699,0.00132434089500472,0.00678479051326433,0.955182555141091
"ART002484849","일 대학병원에 방문한 우울한 청소년에서 비자살성 자해행동의 임상적 특성과 자살 시도 예측요인","김경미",2019,"등재","정신신체의학/자문조정정신의학",0.00194297477591482,0.00214719515005559,0.00855203823193181,0.00207572308051679,0.965932785253834,0.00681219664608574,0.00486878879335168,0.00176192208816877,0.00332727425083533,0.00257910172930493
"ART002485587","청소년 비자살적 자해 위기상담 경험에 관한 현상학 연구: 상담자 경험을 중심으로","권경인;김지영",2019,"등재","교육학",0.0028188796338625,0.00228560408111477,0.00314786416672476,0.0011112009238559,0.00488938154571465,0.97817287415074,0.000991029311717009,0.00065800038139981,0.00512048323036829,0.000804682574501816
"ART002499950","비자살적 자해와 극복과정 경험에 대한 질적 연구: 상담경험이 있는 청소년을 대상으로","서미;김지혜;이태영;김은하",2019,"등재","교육학",0.0040126785985838,0.00708512832108472,0.0088812102182682,0.0036001101305156,0.54475793738882,0.386843948744928,0.00519362930218835,0.00228549674964942,0.0316533005514532,0.00568655999450854
"ART002530661","자살 의도가 없는 자해의 근거기반치료","허지원",2019,"등재","심리과학",0.00337115267857324,0.00422385696595173,0.00370322600533835,0.00178929212726415,0.0017001794271237,0.00195088377629003,0.0105961348423051,0.970660066088048,0.00124694370103265,0.000758264388073367
"ART002553617","여자 청소년들의 비자살적 자해에 대한 의미","손자영",2020,"등재","기타사회과학",0.0055862072258964,0.00414023102058913,0.0572642872840574,0.00331450951023669,0.00935841255154128,0.90404383743867,0.00418216841331625,0.00258973363856827,0.00729171660615358,0.00222889631097022
"ART002559122","청소년 자해에 관한 연구동향","임경문;김혜경;백운진;이윤주",2020,"등재","기타사회과학",0.00147382931458844,0.00593884890870249,0.00383055952346901,0.00196989201412709,0.00704468202190353,0.0148151312430424,0.00726936450264573,0.00167897373963403,0.948616636164071,0.0073620825678168
"ART002582312","학교차원 긍정적 행동지원 적용을 통한 위기학생 예방 및 지원 방안 모색","박계신",2020,"등재","특수교육",0.00293739606094974,0.967836068135743,0.00298377420397304,0.00411597504909788,0.00290188122194457,0.00498846321255648,0.00173742710371908,0.00397398535121997,0.0059760479597683,0.002548981701028
"ART002587193","청소년의 학교폭력 피해경험, 우울, 자살생각과의 관계에서 부모 방임수준의 조절된 매개효과","심혜인;김동현;곽대경",2020,"등재","경찰행정",0.00246120349242149,0.00318681190240341,0.00322791360097543,0.00152936257514409,0.00147752787015167,0.00135895536015265,0.0106974240961535,0.974457740077599,0.000942199091522623,0.000660861933476697
"ART002589448","대학생의 자해 중단 경험에 대한 사례연구","김지윤;조영희;김성연;이동훈",2020,"등재","심리과학",0.00405277054175997,0.00316669660169515,0.00478364439989541,0.00160171811777439,0.00575089202889727,0.968260594865641,0.00164921147794789,0.000999094058225995,0.00850905426503638,0.001226323643127
"ART002600863","청소년 자해 관련 국내 연구 동향","이문영;배용순",2020,"등재","사회복지학",0.00107934483429919,0.00529686511866955,0.00193230883399847,0.0020341743899515,0.00501728480537221,0.00469695388627986,0.0132276211903067,0.00109619084554903,0.383570286240005,0.582048969855569
"ART002601275","청소년 자살위험의 유형화와 심리사회적 특성연구","최진영;유비;김기현;최윤선;함혜욱",2020,"등재","사회복지학",0.00158432015779087,0.00223504402617913,0.00586003260643063,0.00234355658240451,0.962228462559875,0.00688966655242036,0.00835628133766453,0.00196904090443399,0.00476012621293083,0.00377346905986955
"ART002603091","중학생의 비자살적 자해에 영향을 미치는 요인 : 자해의 심각성을 중심으로","배수현;성희자",2020,"등재","사회복지학",0.00535927058624399,0.00531517870304522,0.00960756082720513,0.0114728155389854,0.00739041012457275,0.00328065223692103,0.468352341384911,0.413346091747298,0.00646487596844537,0.0694108028823722
"ART002603662","특성화고등학교 남학생들의 비자살적 자해 실태 및 동기에 관한 연구","박문숙;서영석;안하얀",2020,"등재","상담심리/심리치료",0.00110172442764412,0.00269433064291642,0.00171878320339314,0.00325738996672729,0.00377934154643179,0.00241695904804719,0.0199718595415395,0.0011170679251961,0.00535185271088415,0.95859069098722
"ART002603796","청소년 비자살적 자해상담 경험에 대한 현상학 연구: 상담자의 어려움과 대처방안을 중심으로","권경인;김지영",2020,"등재","상담심리/심리치료",0.00362813133628899,0.00387685699138834,0.00377870328685658,0.00148417749113258,0.00489709154544541,0.969457191687171,0.0013059912982237,0.000887427842979805,0.00954200432729607,0.0011424241932173
"ART002603875","EBP 기반 자살⋅자해 청소년 상담클리닉 운영 모형 개발","서미;소수연;강유임;손지아;김지혜",2020,"등재","상담심리/심리치료",0.00253029000560863,0.00198762025921169,0.967896645500988,0.00240240114828581,0.00395693732594044,0.00761427424342445,0.00664817090499997,0.00328019379998257,0.00241921865300386,0.00126424815855446
"ART002603881","고위기(자살시도 및 자해)청소년 개인맞춤형 그뤠잇⁺ 프로그램의 효과","신수정;정은실;허미경;윤은주",2020,"등재","상담심리/심리치료",0.00638039124673389,0.00856916653919361,0.213263048613208,0.00346157234057871,0.0126182779910231,0.543840556265827,0.00805594137994051,0.00427017809896439,0.194992268268771,0.00454859925576062
"ART002614288","자해 청소년의 정신분석적 미술치료 단일 임상사례 연구","하재희;안석",2020,"등재","목회상담학",0.709924575817524,0.00749341662334188,0.00882112089272958,0.00463246941787324,0.00498075765695552,0.248880487405709,0.00389620053267677,0.00437759402634901,0.00514557169294606,0.0018478059338949
"ART002622594","비자살적 자해(Non-Suicidal Self-Injury: NSSI)에 대한 국내연구동향: 2000년부터 2019년까지","박경애;김지연;강남이;김숙진;윤희옥",2020,"등재","기타사회과학",0.000932240978052945,0.00437021874109339,0.00228707043904741,0.00117312214199354,0.00459664127431301,0.00771307089184525,0.00457576038350079,0.0012337218845886,0.96866263629357,0.00445551697199554
"ART002632873","청소년 집단에서의 자해와 SNS 사용: 체계적 문헌고찰 연구","김소정;고그림",2020,"등재","임상심리",0.000954937965169687,0.00526669786916099,0.00224947364567969,0.00125258001769006,0.00512085540297541,0.0080583624620099,0.00403666705957452,0.00115442286251976,0.967659728199185,0.00424627451603498
"ART002648004","유년기 무효화 환경과 고통 감내력 부족이 청소년의 비자살적 자해에 미치는 영향: 자기표현의 매개된 조절효과","송지숙;구본용",2020,"등재","기타사회과학",0.00161783793883852,0.000555515156921462,0.00449628460212249,0.0134565974262185,0.00334895490803733,0.001360529798818,0.956162438239385,0.00818407226832382,0.00242463559633924,0.00839313406499528
"ART002648011","고등학생의 아동기 학대 경험과 비자살적 자해 간의 관계: 초기 부적응 도식의 매개효과를 중심으로","강민아;장재홍",2020,"등재","기타사회과학",0.00489774501953743,0.00503910274326316,0.00638656734418413,0.677050280830815,0.00637843979744783,0.00437263482001743,0.264409780933093,0.00635698875262758,0.00451378219542082,0.020594677563593
"ART002650400","청소년의 정서적 학대 경험이 비자살적 자해에 미치는 영향: 초기부적응도식과 정서조절곤란의 이중매개효과","이수정;김종남",2020,"등재","심리과학",0.00110297960430463,0.000311187849255821,0.00294465841925217,0.0104912413804081,0.00205663988855054,0.000743002984002739,0.969073312655912,0.00573823591631841,0.00144311976850493,0.00609562153349055
"ART002653298","부모양육행동과 남자 청소년들의 비자살적 자해행동: 자해동기의 순차매개효과","박문숙;안하얀;서영석",2020,"등재","교과교육학",0.0014812915551385,0.00190032470896214,0.00260223602380363,0.00717551691534842,0.00408949792559628,0.00175431017519522,0.20766341369446,0.00370861021173443,0.00510877181489102,0.76451602697487
"ART002662805","자해 청소년에 대한 대중의 반응 및 태도:네이버와 다음 뉴스 댓글을 중심으로","김서영;손하림;이동귀",2020,"등재","심리과학",0.00181539209357429,0.00288436996664379,0.00453651799525335,0.00182577352559932,0.96590619692276,0.00816277044375245,0.00476710445647712,0.00152542115557139,0.0058927255626004,0.00268372787776731
"ART002663284","청소년의 자해 행동 관련 변인에 대한 메타분석","이현정;김장회",2020,"등재","교육상담",0.00389250680783203,0.0044607226968628,0.125735531522612,0.0136787276228084,0.0153816789649361,0.0133818667776529,0.524699536621682,0.016300191103603,0.261202153056098,0.0212670848259124
"ART002683921","비자살적 자해 청소년 상담의 개입방안에 대한 수퍼바이저의 인식연구","김영자;라수현;김나진;김영희",2021,"등재","정책학일반",0.00405882212000084,0.00424375865912834,0.00487377013673309,0.00155093993242526,0.00573666844209103,0.958286450903879,0.0014485079506887,0.000963240510484665,0.0175354355046432,0.00130240583992596
"ART002684353","부정적 정서에 대한 모의 비지지적 반응이 청소년의 비자살적 자해에 미치는 영향: 정서인식명확성, 정서표현양가성, 정서조절곤란을 중심으로","정인순;안귀여루",2021,"등재","기타사회과학",0.00402986581494705,0.00361995056225489,0.00605685584833415,0.616486919724489,0.00502654496529256,0.00372609471113593,0.338077255596607,0.00802674572361141,0.00311625779541585,0.0118335092579127
"ART002696868","청소년의 스트레스 및 우울이 자해행동에 미치는 영향에서 자기통제력의 조절효과","이순희;허만세",2021,"등재","청소년복지",0.00363972850958667,0.00243084002999459,0.00779498785877192,0.0123310082621654,0.00528993451254954,0.0019397329148644,0.670906806725561,0.285785373191272,0.00328869294118835,0.00659289505404592
"ART002708407","청소년의 인지적 정서조절 전략 사용유형에 따른 일상적 스트레스 반응과 자해행동의 차이: 잠재프로파일분석을 중심으로","성나경;성현준;이지혜",2021,"등재","기타사회과학",0.00335085083082541,0.00389803733122461,0.212794458690481,0.00540012550933751,0.730180696259264,0.012577266394645,0.0166348151773221,0.00558070946632341,0.0053825616744451,0.00420047866613256
"ART002709571","랜덤 포레스트를 활용한 이혼 가정 청소년의 과도한 인터넷 및 스마트폰 이용 예측 요인 탐색","연은모;최효식",2021,"등재","교과교육학",0.00127524737387735,0.00197004302792781,0.00383885971630289,0.00177333319929678,0.971204097299627,0.00657224076862378,0.0054180882191093,0.00152795723791682,0.00390082296765693,0.0025193101896616
"ART002712384","가정폭력 피해경험, 또래괴롭힘 피해경험 및 정서강도가 청소년의 비자살적 자해에 미치는 영향: 감정표현불능증의 매개효과","박상미;김정민",2021,"등재","사회과학일반",0.00240879386458563,0.00326653682218839,0.0029859634906429,0.946886723442138,0.00219045083845052,0.00249715022925919,0.0336038216839162,0.0025245103659294,0.00117504154058205,0.00246100772230824
"ART002717531","청소년의 불안애착과 행동전염과의 관계: 자기수용과 또래동조성의 매개효과","이정화;최수미;유인화",2021,"등재","기타사회과학",0.00231245413006089,0.00369812421659317,0.00236731177732758,0.967455742323307,0.00180718285488929,0.00272988637907695,0.0150556422236363,0.00171665814451735,0.00101549809198588,0.00184149985860614
"ART002726860","사회현상 변화와 군대 윤리에 관한 연구","류영규",2021,"등재","기타사회과학",0.00355525249124776,0.956305344285489,0.00363301209086948,0.00426336542309868,0.00369134890851844,0.0120289254388049,0.00161928823393045,0.00365466136890055,0.00864880889575545,0.00259999286338465
"ART002731323","청소년기 자해 행동을 경험한 대학생의 내러티브 탐구","성경주;조영매",2021,"등재","경찰행정",0.00394949158130228,0.00386346105459282,0.00454022715677501,0.00165175346655476,0.00682517639524744,0.967887004217526,0.00150030069866752,0.00103303306345765,0.00749955528448526,0.0012499970813906
"ART002734646","비자살적 자해 청소년 상담에서의 상담자 개입 경험에 관한 질적 연구","오윤서;장유진",2021,"등재","상담심리/심리치료",0.00584605588730965,0.00363481344972234,0.00553437836450126,0.00186131217656322,0.00809377113785488,0.963039569672403,0.00209503038779767,0.00139775654391984,0.00690543178745764,0.00159188059247042
"ART002734656","청소년 불안․우울 경험과 회복 과정에 대한 질적 연구","소수연;주지선;조은희;손영민;백정원",2021,"등재","상담심리/심리치료",0.00400634870193532,0.00393888782580974,0.00827540770025572,0.00302107668457771,0.00766089816053146,0.948339032576417,0.00371976369034788,0.00153526563819576,0.0169449269362607,0.00255839208566854
"ART002738328","청소년기 자해 경험에 대한 합의적 질적 연구","이인숙;박재연",2021,"등재","기타사회과학",0.00436813009482782,0.00336927765095819,0.00635215418523173,0.00198007344847893,0.00638388340908616,0.965421866561545,0.0017918551197402,0.0011212584803402,0.00794565914671057,0.00126584190308111
"ART002738571","자해 청소년의 ETC 기반 미술치료 체험에 관한 내러티브 탐구","전진옥;전순영",2021,"등재","특수교육",0.00738338404137287,0.00473060793616338,0.13507384771828,0.00512454476882271,0.0108766823570994,0.81530626866902,0.00790568318976325,0.00429668144757629,0.00706670928958438,0.00223559058231814
"ART002749299","지각된 사회적 지지가 청소년의 비자살적 자해에 미치는 영향: 정서조절 능력에 의해 조절된 외로움의 매개효과","윤경숙;하정희",2021,"등재","심리과학",0.00136343970554129,0.000463919381113776,0.00406713907605291,0.00936000788573469,0.00308360327883863,0.00114779700378381,0.960945295764194,0.00650541029568089,0.00244592968830448,0.0106174579207556
"ART002750549","비자살적 자해 청소년과의 상담에서 상담자 체험에 관한 내러티브 탐구","박소연;유미숙",2021,"등재","놀이치료",0.0033131170876356,0.00325442571066344,0.00367130232672932,0.00153281965718919,0.00445558563021731,0.975829227363924,0.00122164519622693,0.000852531735131667,0.00495089842632004,0.000918446865962389
"ART002758462","전문상담교사를 위한 정신건강 전문의 온라인 자문 내용 분석","우효주;손민;사공정규;최승우;이상규;이병철;윤형준;양종철;김태윤",2021,"등재","감성문화/사회",0.0272126489489954,0.786189370513641,0.0211592292627088,0.0443669576142076,0.0192246687412709,0.016428470662886,0.013099718976736,0.0598206941590093,0.0071811580525637,0.00531708306798138
"ART002762845","청소년 자녀의 비자살적 자해에 대한 어머니의 경험: 단일 사례연구","서한나;김수진",2021,"등재","학제간연구",0.00331549857697008,0.0025355582843171,0.00414949030439695,0.0016278298398781,0.00431214676070035,0.974876433005431,0.00146755484640439,0.000844929736288642,0.00581040462102966,0.00106015402458376
"ART002767580","부모 방임과 학대가 청소년의 비자살적 자해에 미치는 영향: 적응적 정서조절 전략의 매개효과","임수진;최희빈",2021,"등재","기타사회과학",0.00557467961167451,0.00422948393853133,0.0121447659714091,0.423423125071839,0.0069406539948095,0.00514727722108425,0.50669293400567,0.0152357098267467,0.00456423196670377,0.0160471383915319
"ART002771960","비자살적 자해청소년의 자해중단 경험연구","신수정;한재희",2021,"등재","교육학",0.00257422448787391,0.00178823677518271,0.00300270242217923,0.000967635998446004,0.00366894129691579,0.981702284486035,0.000874971076843426,0.000573114112450192,0.00417049688478132,0.000677392459292786
"ART002777736","청소년의 복합외상이 비자살적 자해에 미치는 영향: 부적응적 인지 정서조절 전략과 생리적 스트레스의 이중매개효과","이다슬;오성은;신성만",2021,"등재","기타사회과학",0.00246759724407771,0.00135471572402497,0.00489239138173759,0.0120059033955113,0.00555350524610894,0.00198157357208672,0.814400592627012,0.00744792681857502,0.0057030636261024,0.144192730364763
"ART002785184","자살 및 자해 상담 교육프로그램 요소에 대한 탐색적 연구: 상담자 요구를 중심으로","권경인;김지영",2021,"등재","교과교육학",0.00464919368021295,0.00589415808834057,0.0150752555399169,0.00438802364736603,0.558717097192112,0.364249004260547,0.00858124429973175,0.00253905519749806,0.0290114991207932,0.00689546897348094
"ART002785609","청소년의 비자살적 자해 잠재계층유형 분석: 영향요인과 유형별 정서⋅행동문제 차이","김형수;이주영",2021,"등재","기타사회과학",0.128221621479231,0.00956185928430122,0.0230770482765474,0.0185204858143254,0.0442191302384169,0.0198352234624261,0.560068740926609,0.0786128364559031,0.0108650657748691,0.107017988287371
"ART002791927","청소년의 자해 경험에 대한 질적 사례 연구: 거기서 기다리는 나는 없다","장은혜",2021,"등재","교육학",0.00440377221693931,0.00378940433275623,0.00466884715847668,0.00196270818328467,0.00488976379063772,0.970700796592737,0.00157678776985734,0.00101499988953098,0.00581598388502952,0.00117693618074982
"ART002801537","대학병원에서 관찰한 코로나19가 소아청소년 자해에 미치는 영향","오새봄;김승준;김지웅;오홍석;임우영;이나현",2021,"등재","정신신체의학/자문조정정신의학",0.958578353623317,0.00437163094262186,0.00503484095990478,0.0044635442478872,0.0028881381842219,0.00879424262670133,0.0068769789529412,0.00527969056987413,0.00189623879421853,0.00181634109831244
"ART002808086","중학생 자해행동의 보호 요인과 위험 요인: 일상적 스트레스, 자기통제, 사회적 지지를 중심으로","이영희;최윤정;유현숙",2022,"등재","교육학",0.0034883279251636,0.00199063736179015,0.0230678266326571,0.017497808169969,0.477457116590525,0.00618213785327609,0.441686588675685,0.0100948313132189,0.00793146129452437,0.0106032641831898
"ART002815842","키워드 네트워크 분석을 통한 청소년 자해 연구 동향: 2010-2021년도 국내 학술지 게재 논문을 중심으로","이지영",2022,"등재","통계학",0.000724586879565258,0.00469783668744558,0.0020973847938182,0.00097998203645558,0.00462938462083137,0.0062168406518467,0.00355621650583147,0.000933805016606751,0.972142189339331,0.00402177346826843
"ART002824552","정신화기반치료의 치료체계와 근거: 체계적 문헌 고찰","이정하;김지원;하현주",2022,"등재","임상심리",0.972745277532068,0.00325780708275404,0.00336816031230858,0.00286301254124764,0.00193178035272011,0.00642986126621436,0.00375838628838917,0.00312450651261574,0.00129252398753905,0.00122868412414332
"ART002825746","부모의 심리적 통제가 여자청소년의 자해행동에 미치는 영향: 정서강도에 의해 조절된 내면화된 수치심의 매개효과를 중심으로","이연희;구훈정",2022,"등재","임상심리",0.00297211643220165,0.00191023239541145,0.00540972252603351,0.267734130765593,0.00419236195018738,0.00220334727235145,0.691737778337982,0.0096399422276428,0.00253286159979841,0.0116675064927979
"ART002831720","청소년의 부모 애착이 비자살적 자해에 미치는 영향: 자아존중감과 고통감내력의 매개효과","홍미애;박승민",2022,"등재","기타사회과학",0.00125648533662161,0.000400376527989434,0.00356427845738612,0.0115987277977576,0.00254174988828794,0.000936939705673272,0.963810122177694,0.00719352787175989,0.00177600958665637,0.00692178265017363
"ART002852050","자해 관련 자기개방 내용에 따른 공감 반응 차이: 온라인 고민상담 사이트를 중심으로","이동귀;오현주;김서영",2022,"등재","심리과학",0.975653823327355,0.00267711769321088,0.0027655034114828,0.00246751270851833,0.0018175472179181,0.00601366272309908,0.00351312707954184,0.00290792818586089,0.00114504492748393,0.00103873272553003
"ART002852749","청소년의 자해행동에서 자살 의도 유무에 따른 집단간 심리특성 차이와 예측변수 탐색","진선주",2022,"등재","특수교육",0.00173417063773249,0.0020119739195038,0.00485473686184792,0.0036545700897364,0.948601098352948,0.00624859957142499,0.0172664624352228,0.00226401799542177,0.00481307408970771,0.00855129604645416
"ART002858678","비자살성 자해(NSSI)에 대한 학교상담에서의 개입","류신혜;임우영;배승민;전진용",2022,"등재","정신신체의학/자문조정정신의학",0.00295021963447378,0.634974299076646,0.00396429606547668,0.00344526531032574,0.00627300653269541,0.0152005618948866,0.00259747644931337,0.00323404837072678,0.321538956327108,0.00582187033834799
"ART002866282","청소년의 자아분화가 비자살적 자해행동에 미치는 영향과 초기부적응도식의 매개효과","정유경;유계숙",2022,"등재","기타사회과학",0.00306118888759927,0.00380412472303488,0.00392465588507255,0.0022828247393497,0.00188437388061474,0.00195257199305606,0.015349755307459,0.965459023120704,0.00132687258732686,0.000954608875782745
"ART002867625","보호관찰 청소년의 SNS중독경향성이 비자살적 자해에 미치는 영향: 부정긴급성의 매개효과를 중심으로","김은이;이지선;김정민",2022,"등재","기타사회과학",0.00231438689874364,0.00214928605947668,0.00452069082213088,0.0158425071943316,0.00600352534080205,0.00249087353054347,0.539964704874848,0.0055884031724619,0.00687665202764502,0.414248970079016
"ART002885974","비자살적 자해의 기능에 따른 청소년 임상군의 심리적 특성","고나경;오수정",2022,"등재","기타사회과학",0.966113772450309,0.00346683922565553,0.00434265519394597,0.00403053592354509,0.00263472062102974,0.00711674720282695,0.00541121079385163,0.00378957921165881,0.00146719140147077,0.00162674797570662
"ART002889892","청소년 비자살적 자해(NSSI) 과정과 멈춤 경험에 관한 연구","서선미",2022,"등재","사회복지교육",0.00879061363874124,0.0067158948893317,0.0099463259798546,0.00344174544843102,0.371739097926762,0.572032486522817,0.00529772634997961,0.00324336653378968,0.0148110840593953,0.00398165865089773
"ART002891759","정신건강사회복지 전문가의 비대면 정신건강 모바일 서비스 플랫폼 개발 및 상담 경험에 관한 자문화기술지","이솔지",2022,"등재","인터넷정보처리",0.00532188709004107,0.795357052209069,0.00503017797865372,0.00789288579002241,0.00843093616342131,0.00823077032826583,0.0142997299391869,0.0116489651214686,0.013604829381427,0.130182765998445
"ART002904302","국친사상의 변화와 소년법 보호처분절차의 개선방향","제철웅",2022,"등재","법학",0.00249470843001429,0.974313137645522,0.00167971214234336,0.00294679704672428,0.00215524942601272,0.00386986904426481,0.00120828048375418,0.00268742494745706,0.00607567209044893,0.00256914874345829
"ART002906978","청소년의 비자살적 자해경험에 대한 질적 메타연구","백연우;유지영;전화연",2022,"등재","기타사회과학",0.0043557586654344,0.00557493722685101,0.0108426844717114,0.00537866209902214,0.0147361165967118,0.521270138594943,0.0276674100512173,0.0034031902974914,0.393656556092413,0.013114545904204
"ART002908407","일반계 여고를 졸업한 청소년의 비자살적 자해경험에 대한 내러티브 탐구","임경문;이윤주",2022,"등재","기타사회과학",0.00357689378356365,0.00317927671289973,0.00528119636048935,0.00187604542240064,0.00707997407900658,0.967675733924706,0.00192833420303973,0.0011231674289147,0.00688459800552844,0.00139478007945098
"ART002911294","자살성 사건을 경험한 청소년의 Sandplay Therapy(SPT) 임상효과","안운경;곽현정",2022,"등재후보","상담심리/심리치료",0.00319247841721834,0.00206921139211885,0.96168271723385,0.00378382897869344,0.00503950505750201,0.00732687535769273,0.00926293790366815,0.00398889336113717,0.00216106480579734,0.00149248749232187
"ART002930194","청소년의 유년기 무효화 환경이 비자살적 자해에 미치는 영향 간에 고통 감내력 부족과 비자살적 자해 결과기대의 이중매개 효과","송지숙;구본용",2023,"등재","교과교육학",0.00141131132516901,0.000427837693436017,0.00409387074810877,0.0091144816352458,0.00286208709907221,0.00118519660055678,0.964348344464834,0.00755806251903127,0.00230436024619842,0.00669444766834845
"ART002953873","자해와 자살행동 메타분석 연구 개관: 생물심리사회모델에 따른 위험 및 보호요인을 중심으로","김성연;양모현;박효은;김지윤;이동훈",2023,"등재","교육상담",0.00116242342875435,0.00601033517114267,0.00296388065724633,0.00159645981638651,0.00621313827549895,0.00789513210388598,0.00666786844733908,0.00170633758806141,0.95947781653827,0.00630660797341473
"ART002958143","청소년의 비자살적 자해에 관한 연구동향 -국내학술지 중심-","김정숙;홍상욱",2023,"등재","학제간연구",0.000856836669083725,0.00422318604264976,0.00186103237994756,0.000953348860431796,0.00368450833176404,0.00935843595743083,0.00333235600172277,0.000932896928818293,0.971242102813516,0.0035552960146352
"ART002958198","발달장애 아동·청소년의 도전적 행동이 음악치료사의 심리적 소진에 미치는 영향: 자기 효능감과 소명의식 조절효과를 중심으로","최안나;황은영",2023,"등재","음악심리학/치료학",0.00283005480188522,0.00455312290781704,0.00342881268757358,0.959515061543571,0.0023257649355459,0.00347863731678488,0.0176906007908046,0.00217292714738113,0.00138608580252981,0.00261893206610678
"ART002962086","청소년 자해, 자살 사고, 자살 시도 경험에 대한 질적 연구","박경은;이동훈",2023,"등재","심리과학",0.145093788037198,0.00444296933555618,0.00598291260114503,0.00277056851623086,0.00608881684158252,0.821466433352073,0.00271609376676319,0.00216533688022031,0.00758703231393669,0.00168604835529388
"ART002966200","고등학교 청소년들의 심리적 특성에 따른 비자살적 자해행동의 차이: 잠재 프로파일 분석을 중심으로","김명화;이창현",2023,"등재","심리과학",0.00240734219358673,0.00423220148757647,0.00813592684718477,0.0051076079833585,0.574579372226012,0.00740446206292711,0.0323686442142907,0.00256287408179516,0.00931553983833109,0.353886029064937
"ART002971116","청소년용 비자살적 자해 신념 척도의 개발 및 타당화","정미림;이영순",2023,"등재","심리과학",0.000956537295683228,0.00266382670534865,0.00134296142019267,0.00208149532054215,0.00336058837121649,0.00250785288535575,0.0128647642432792,0.000835965468055056,0.00702888803310317,0.966357120257224
"ART002980246","키워드 네트워크 분석을 통해 살펴본 청소년 자해에 대한사회적 인식 연구","장벼리",2023,"등재후보","청소년학",0.00320368646642289,0.00937375034110761,0.00614217265007235,0.00261057235835733,0.423857420861843,0.0298115808683626,0.00801698893315861,0.00307043254354574,0.507881464252803,0.00603193072432607
"ART002988636","청소년이 지각하는 부모의 심리적 통제, 정서조절곤란, 비자살적 자해간의 관계에서 마음챙김의 조절된 매개효과","황수정;정현희",2023,"등재","기타사회과학",0.00182867010635967,0.000631356041347082,0.0060170663417203,0.0140766767434074,0.00345243335583959,0.00164795361382895,0.950753087395985,0.0117454104697859,0.00243888276438422,0.00740846316734163
"ART002988871","토픽모델링을 활용한 ‘자해’관련 유튜브 댓글의 내용분석","권경인;신성미",2023,"등재","교과교육학",0.00158676443842754,0.00224602614951196,0.00349167437526503,0.00158949262826118,0.965560367443107,0.0139731037228187,0.00361154103071646,0.0012604972806595,0.00448719443789824,0.00219333849333419
"ART002990255","청소년 자살의 보호요인에 관한 델파이 연구: 생물심리사회적 접근을 바탕으로","양모현;박효은;이주영;이동훈",2023,"등재","심리과학",0.00332835666439067,0.387323594960857,0.00449716877899948,0.00323539011286126,0.0151806967553779,0.0527301409891298,0.00264877875492572,0.00341043174467607,0.522259638084472,0.00538580315430997
"ART002990604","학교모래놀이 집단상담이 자해경험이 있는 초등학생의 자아개념, 자해 기능, 자살사고에 미치는 효과 예비연구","전문주;이호경;안운경",2023,"등재후보","상담심리/심리치료",0.0030431084054997,0.00463806088779297,0.00393578077089743,0.955117780764405,0.00276625673792541,0.00409937765583566,0.0197561458120573,0.0022450715157474,0.00154319150788205,0.00285522594195725
"ART002996105","청소년 비자살적 자해 관련 질적연구 동향","정수연;이지연",2023,"등재","교과교육학",0.00230467211502042,0.00580154329720675,0.00304932019715136,0.00116340565005535,0.00561640878973317,0.179287108707023,0.00236275675544249,0.000970773057741273,0.796338952952586,0.00310505847803962
"ART003005329","비자살적 자해를 겪는 우울증 청소년의 미술치료 사례연구","강지연;김태은",2023,"등재","심리과학",0.0939786192234574,0.0297563051195133,0.182609993584956,0.0277884233941474,0.0172106247944941,0.46921824033477,0.0275206609571053,0.13941324133627,0.00839325318299055,0.00411063807229691
"ART003008354","청소년의 또래관계스트레스와 비자살적자해의 관계: 적응적 인지적 정서조절에 의해 조절된 자기비난의 매개효과","박영순",2023,"등재","청소년복지",0.00139876834791054,0.000442340258049887,0.00420212048213715,0.0119203969874441,0.00326687563844295,0.00102958782342645,0.961224710553225,0.00823404745971856,0.00184442546786233,0.00643672698178247
"ART003016182","위기청소년 지원기관 이용자의 자살 생각에 영향을 미치는 요인","윤소현",2023,"등재","기타사회과학",0.00932724433505336,0.384377808927801,0.0277061802360039,0.0156603699330763,0.0138061703434973,0.0148636527429154,0.0222730302380944,0.496325525479207,0.0109855334147748,0.00467448434957697
"ART003030799","정서 반응성이 청소년의 비자살적 자해동기에 미치는 영향: 부정 긴급성과 정서조절곤란의 이중매개효과","이현주;이영순",2023,"등재","심리과학",0.00163507801373046,0.00317500690677153,0.00269943660630806,0.00508212356239271,0.00487776925611529,0.00278593460962714,0.0558994607453352,0.00239121818086455,0.00677548963864334,0.914678482480212
"ART003031100","내면화된 수치심, 고통감내력이 비자살적 자해에 미치는 영향: 회피-분산 정서조절양식의 조절된 매개효과","최미량;이자영",2023,"등재","교육상담",0.00189441596400758,0.00145624323245945,0.00464871260448253,0.0123531771453962,0.00464971169718948,0.00172606195578543,0.798302082323626,0.00947303678675741,0.00446318635630197,0.161033371933994
"ART003042435","심리 외상을 경험한 중도입국청소년의 위기 개입적 표현예술치료 사례연구","서현주",2023,"등재","특수교육",0.00329770373298057,0.00227290025776092,0.00453093848854799,0.00118339565828766,0.00388773693401047,0.978623910747206,0.000980790574629453,0.000694147498107817,0.00382968001638816,0.000698796092081
"ART003043870","아동기 애착 외상이 여자 청소년의 자해 경험에 미치는영향: 정신화 매개효과를 중심으로","최상순;권해수",2023,"등재","상담심리/심리치료",0.00359538469564743,0.0045667622429458,0.00393799744439389,0.930485836215818,0.00288404605411144,0.00350365034039433,0.0419486710961087,0.00357141913211777,0.00167361464019667,0.00383261813826606
"ART003053389","청소년 비자살적 자해 치료 프로그램 개관","장선희;신효정",2024,"등재","심리과학",0.00100892151786526,0.00445658860008384,0.00247348598138364,0.00123205460096901,0.00411859557174101,0.00825565386427064,0.00479293863937517,0.00119215304821129,0.967874965763981,0.00459464241211902
"ART003066548","청소년 정신건강 문제 유형화 연구: SDQ-Kr의 활용","김신아;강주연",2024,"등재","학제간연구",0.00220516487451722,0.00156808091664276,0.97537284989268,0.00180123895477371,0.00360803950227819,0.00580626033862827,0.00462537829288625,0.0023699054626922,0.00171566869160309,0.000927413073297581
"ART003070710","비자살적 자해행동 청소년의 푸드아트테라피 사례","양정하;이미나",2024,"등재후보","청소년학",0.0048829472673192,0.00358721484411975,0.933627800716899,0.00455903949178157,0.00759254183367193,0.0203946406230453,0.0127197412578839,0.00580635256409191,0.00444460824787446,0.0023851131533129
"ART003072783","비자살적 자해 여자 청소년 대상 상담경험에 관한 합의적 질적 연구: 학교 상담자의 경험을 중심으로","윤예진;박재연",2024,"등재","기타사회과학",0.00836708134701941,0.00394771945201783,0.00586207943933609,0.00230242084839911,0.00596885535906035,0.962479131798323,0.00220794307583447,0.00140438936656552,0.00602229528597287,0.00143808402747044
"ART003074608","비자살적 자해 청소년 자녀를 둔 어머니의 경험에 관한 현상학적 연구","양은륜;정문경",2024,"등재","교육상담",0.00361838507412999,0.00239246780857284,0.00472957102897602,0.00185840583640937,0.0064328974425701,0.972014525152016,0.00173934516222783,0.000916260308206099,0.00505034467328337,0.0012477975136081
"ART003081877","코로나19 상황 속 청소년의 지각된 스트레스와 비자살적 자해의 관계에서 가족관계와 자아존중감의 다중가산조절효과","김동현;서동현",2024,"등재","기타사회과학",0.00439780229424844,0.003203194634682,0.0109448178584083,0.0108058150711347,0.00412480124820227,0.00236339155765225,0.388214532355033,0.56818654599888,0.0028681499123271,0.00489094906943153
"ART003084205","청소년의 비자살적 자해가 자살적 자해로 이행 및 중단된 경험에 대한 연구","박경은;이동훈",2024,"등재","심리과학",0.00302417507047851,0.00290213967490006,0.00431882617400762,0.00149539577185341,0.00486578202441748,0.971714331524793,0.0014171703843965,0.000782354063691979,0.00834545510120697,0.00113437021025529
"ART003084215","다변량 분석방법을 이용한 청소년의 비자살적 자해사고 및 자해행동 예측","정미림;이상인;이영순;김종완",2024,"등재","심리과학",0.00367713241508761,0.00240589547773056,0.939405298901441,0.00588281481506781,0.00687148652310956,0.00789546155832049,0.0217482324192284,0.00595064138054641,0.00307749238680718,0.00308554412266064
"ART003086585","비자살적 자해 청소년의 개인 미술치료 질적 사례연구","이승정;신형미;천세나;정여주",2024,"등재","심리과학",0.0964990951917288,0.0053475943090078,0.15930043601508,0.00474159548601706,0.00828610973864092,0.708511992357303,0.00475465688693009,0.00383919718171868,0.0068822620108408,0.00183706082273255
"ART003091062","남자 청소년의 자해 경험에 관한 현상학적 연구","김동례;장수미",2024,"등재","사회복지학",0.00459576175577561,0.00459187836433167,0.00802161627554228,0.00226844367347363,0.00594022552311329,0.964518536879071,0.00180824082326099,0.00121519830988802,0.00563582112104258,0.00140427727450038
"ART003094035","학교 밖 청소년의 비자살적 자해와 자살생각에 따른 잠재계층 분류 및 영향요인","김동현;신나은",2024,"등재","청소년복지",0.00316141020458483,0.00227515397149608,0.954582628341947,0.00293286784380924,0.00707304421862629,0.00840017918448239,0.0109834906657728,0.00604522499096751,0.00291275363108858,0.00163324694722584
"ART003102852","후기청소년이 지각한 정서 무효화와 자해 간의 관계: 스트레스의 매개효과를 중심으로","유안나;신성만",2024,"등재","기타사회과학",0.00173801238264282,0.000542971042217805,0.0047629653173485,0.0107076196035718,0.00356080953796363,0.00133808286578831,0.956945101507551,0.00891955691009616,0.00239726939015172,0.00908761144266794
"ART003108400","임상군 청소년의 반복적인 자해 경험에 대한 연구","이윤주;이계성",2024,"등재","학제간연구",0.0167640463350395,0.00654648124650639,0.236587764790463,0.0051702031699958,0.0167825879535209,0.688871754992955,0.00692032277082868,0.00398023030017901,0.0149328125720651,0.00344379586844673
"ART003109119","청소년의 스트레스가 자해행동에 미치는 영향: 사회적 지지에 의한 불안의 조절된 매개효과","박영숙;유주영",2024,"등재","학제간연구",0.00305004498659014,0.00374567620577898,0.00413024095358133,0.00238970321153536,0.0019220199688717,0.00189772906467972,0.0192047279220034,0.961251157809851,0.00135164717362632,0.00105705270348275
"ART003109234","청소년 자해 보호요인 연구: 생물심리사회적 관점에서 자해 및 자살행동 경험이 있는 청소년 인식을 중심으로","양모현;박효은;이동훈;이화정",2024,"등재","학교/교육심리",0.000799863438545239,0.00437118270716494,0.00200759361467538,0.00112790414496286,0.00392578558882299,0.00713031944580045,0.00396582243991514,0.00102744573481399,0.971599694067686,0.0040443888176127
"ART003114199","청소년의 정서적 학대 경험과 비자살적 자해의 관계: 자기체계손상과 정서조절곤란의 매개효과","김명진;하정희",2024,"등재","교육학",0.00116980590646753,0.000341692662383913,0.00323458464677794,0.00915477831505278,0.00234485947925133,0.000824538993076686,0.96781017474221,0.00680691577661849,0.00164124515896804,0.00667140431919326
"ART003116301","청소년이 지각한 스트레스와 학교적응의 관계에서 자아존중감 불안의 매개효과 : 자해 비자해 집단 비교","김영화;최진아",2024,"등재","상담심리/심리치료",0.00433558435298539,0.00369037709052533,0.013030492222202,0.0185732146770682,0.00528275524159246,0.00229697294055639,0.540296459973268,0.401802877996111,0.00345497735132254,0.00723628815436792
"ART003118190","사이버폭력 실태 및 피해자 보호 강화 방안 - 사이버 불링(Cyber-bullying)을 중심으로 -","신혜진",2024,"등재","형사정책",0.00172897902259348,0.982413979296617,0.00128882262495133,0.00214926470644991,0.00148164155560222,0.00295112535163931,0.000712362277914939,0.00202921317670261,0.00385765646149364,0.00138695552603584
"ART003120037","청소년 자살 위험요인: 생물심리사회모델에 기반한 델파이 연구","김성연;이보라;이주영;이동훈",2024,"등재","심리과학",0.00127308098364473,0.00235327890925008,0.00360668892358017,0.00170484264180538,0.968082851422306,0.00609312976301343,0.00548930657965776,0.0014287560444978,0.0070088714199085,0.00295919331233627
"ART003120111","자살 청소년 지인들의 경험을 통해 살펴본 청소년 자살 위험요인에 관한 질적 연구","이상하;경서하;이동훈",2024,"등재","심리과학",0.0109032870864233,0.0192400036464258,0.0101763024443883,0.00480706704947086,0.520519930779621,0.350626897124782,0.0087379039891631,0.0037085438388222,0.0648062860508837,0.00647377799002018
"ART003121927","청소년의 부적응적 완벽주의와 비자살적 자해의 관계에서 자기자비와 자기비판의 매개효과","이정훈;장은비",2024,"등재","기타사회과학",0.00942150031728825,0.00544231390707535,0.012418220985557,0.198979230070673,0.00653445145542581,0.00517290128188641,0.703277415368388,0.0405784038121178,0.00543773547399539,0.0127378273275936
"ART003134476","자해의 원인과 해석에 관한 연구 : 청소년 자해동기요인을 중심으로","한정석;이세온",2024,"등재","학제간연구",0.00579324192624876,0.677236739154688,0.00782215605511949,0.00951727915353214,0.0173040320896443,0.00931297908006224,0.0165622255911585,0.0121349471840804,0.0164761419066807,0.227840257858786
"ART003135534","복합외상이 비자살적 자해에 미치는 영향: 정서조절곤란의 매개효과와 매개변인의 하위요인 탐색","이정민",2024,"등재","상담심리/심리치료",0.00216505008774291,0.00068248695668291,0.00535154607662043,0.0197580613373398,0.00365663243642816,0.00147728670719496,0.947599053849929,0.00878076233826357,0.00232608153442877,0.00820303867536924
"ART003137901","학생의 마음건강 향상을 위한 학교 기반 통합지원체계 개관: 심리학자의 역할과 방향 제안","어유경;도례미;강지현",2024,NA,"심리과학",0.00268631580898075,0.972419891030808,0.00187403810134827,0.00284603443155415,0.00245148018292567,0.00700493930215576,0.000928413741070107,0.00249735879364789,0.00555272542225385,0.00173880318525551
"ART003140151","생물심리사회이론에 기반한 자해의 위험요인 연구: 청소년 관점을 중심으로","양모현;이보라;이동훈;이화정",2024,"등재","심리과학",0.00109933720598719,0.00414520091089581,0.0027591639279241,0.00190455555589944,0.00708147731754174,0.0072393277347946,0.0138025560220282,0.00184845934534262,0.950664216467102,0.00945570551248451
"ART003140158","코로나-19 이전, 도중 및 이후 청소년과 초기성인의 자해 행동 추이: 텍스트마이닝 접근","김서영;정의정;엄태윤;이동귀",2024,"등재","심리과학",0.975608863651916,0.00275258555706845,0.00275133019842822,0.002359697776735,0.00182576105844156,0.006825451900143,0.00312172941472115,0.00261739573814855,0.0011360962586428,0.00100108844575559
"ART003140159","미디어와 주변인을 통해 접한 자해 경험이 청소년 자해 및 자살행동에 미치는 영향","이보라;김성연;이동훈",2024,"등재","심리과학",0.00312480921853576,0.00374322868503446,0.00984128306094034,0.00424442295415162,0.934904508086549,0.0131259620579314,0.0149756938213954,0.00349323714285147,0.00741282551098751,0.00513402946162389
"ART003141960","청소년의 성별에 따른 부모양육태도 하위요인과 자해 간의 관계에 관한 연구","정규형;김이슬;이미영;우현재",2024,"등재","사회과학일반",0.934039299404275,0.00508939357096701,0.0116533242377787,0.00709784604147018,0.0043626241145392,0.0124486907065468,0.0115284587431156,0.00854843357587982,0.00283613683885547,0.00239579276657284
"ART003148672","청소년의 비행경험이 자해행동에 미치는 영향: 우울에 의한 부정적 자아인식의 조절된 매개효과","박영숙;유주영",2024,"등재","학제간연구",0.00302680938938243,0.00398103126891812,0.00437793107429041,0.00239440689824123,0.00192405023716507,0.00203806601364436,0.0161609465706473,0.963765853046891,0.00135790932517474,0.00097299617564534
"ART003153128","청소년의 일상생활 스트레스가 비자살적 자해에 미치는 영향에서 한부모가정 여부에 따른 불안의 조절된 매개효과","이래혁",2024,"등재","스트레스생리학",0.247336259909196,0.0080968776633175,0.0178259649814145,0.0223210071067593,0.00826491647537626,0.00976978226467321,0.286296033293618,0.387723772949613,0.00443414671377816,0.00793123864225478
